146.914 78.493
0
378.641 72.4772
0
318.782 442.047
1
21.0437 213.902
1
252.954 178.103
0
430.443 221.718
0
21.4283 429.558
1
307.924 145.177
0
410.814 151.945
0
219.847 72.316
0
103.865 168.784
1
183.207 216.937
1
498.524 105.094
0
585.007 270.945
0
332.369 148.131
0
154.404 400.621
1
382.12 443.913
1
606.505 325.651
0
406.181 398.419
0
275.916 179.593
0
199.376 372.086
1
159.897 30.6754
0
128.658 116.481
0
488.783 441.483
0
418.285 401.776
0
443.023 66.3808
0
553.366 423.825
0
135.58 145.54
1
470.636 79.6747
0
78.1927 454.024
1
105.018 140.128
1
250.317 84.9788
0
160.721 168.139
1
589.75 385.595
0
75.7939 411.914
1
223.217 104.329
0
248.816 41.2433
0
256.232 308.705
1
296.296 156.081
0
240.502 331.748
1
409.843 415.889
1
337.862 106.41
0
581.638 358.564
0
499.421 266.366
0
566.953 417.889
0
278.773 412.062
1
152.591 67.8445
0
197.856 120.698
0
200.053 423.073
1
484.406 459.114
0
431.707 363.64
0
499.421 457.905
0
429.528 113.406
0
73.8713 386.024
1
414.293 20.3894
0
73.0473 124.162
1
474.72 108.021
0
407.28 76.0491
0
214.629 25.9755
0
608.061 396.055
0
487.556 129.386
0
588.029 252.146
0
186.961 235.186
1
103.81 382.828
1
561.203 304.314
0
540.237 106.732
0
421.709 38.41
0
334.75 403.803
1
113.515 320.119
1
261.029 266.608
1
616.429 405.186
0
290.052 140.692
0
45.8187 395.693
1
47.8878 92.7268
1
322.005 262.767
0
188.572 364.982
1
476.386 107.619
0
501.051 315.151
0
163.724 409.806
1
468.732 320.186
0
48.9682 351.219
1
500.74 442.758
0
437.347 444.84
1
553.201 439.294
0
416.582 76.6668
0
359.616 188.174
0
80.152 149.958
1
388.932 277.028
0
299.922 120.12
0
550.107 67.6028
0
217.211 49.3808
0
561.881 457.274
0
121.059 49.7568
0
206.627 295.653
1
282.252 263.063
0
386.863 275.336
0
412.004 346.908
0
203.166 175.202
0
513.924 295.223
0
572.483 195.345
0
598.246 242.128
0
605.351 182.199
0
26.7568 198.003
1
260.846 442.597
1
557.468 446.303
0
297.999 145.58
0
57.4279 30.0577
0
442.51 90.8066
0
153.012 216.736
1
587.37 122.014
0
385.673 250.132
0
546.279 164.608
0
342.587 198.259
0
178.519 445.874
1
330.501 405.656
1
204.063 196.768
0
461.755 39.2828
0
127.651 73.9274
0
121.205 76.3311
0
190.696 120.577
0
82.624 22.9542
0
169.492 265.319
1
243.56 312.734
1
138.839 457.234
1
47.3385 113.218
1
219.554 396.351
1
560.837 289.919
0
228.765 358.067
1
276.813 375.873
1
451.574 430.297
0
409.862 175.981
0
253.174 102.033
0
354.159 134.703
0
549.759 362.31
0
272.235 95.7213
0
257.184 127.962
0
483.399 262.62
0
536.227 159.236
0
220.305 29.1177
0
352.987 121.906
0
423.009 247.647
0
173.282 194.472
1
538.351 205.04
0
309.828 359.531
1
594.548 154.107
0
540.823 417.755
0
318.581 229.801
0
118.807 23.3973
0
566.22 438.69
0
588.578 20.0806
0
32.3417 30.6888
0
332.68 415.405
1
311.458 61.4795
0
63.5438 233.507
1
276.099 414.68
1
380.784 303.978
0
42.5776 372.193
1
412.37 146.01
0
292.597 161.922
0
258.795 126.566
0
419.329 251.112
0
58.5083 51.2876
0
466.974 214.413
0
193.663 86.899
0
132.43 105.282
0
254.803 453.729
1
397.758 439.522
1
83.3564 67.3611
0
462.305 199.575
0
510.628 248.023
0
343.081 408.624
1
511.818 36.3152
0
612.529 362.794
0
394.352 234.3
0
41.6803 230.701
1
538.68 70.4898
0
618.517 188.725
0
510.683 87.7047
0
309.059 120.913
0
64.2213 432.257
1
431.103 172.289
0
252.881 223.436
0
208.476 24.203
0
169.144 382.023
1
575.101 260.619
0
130.306 196.459
1
597.221 173.9
0
229.461 125.572
0
182.932 219.099
1
270.587 236.435
0
247.479 385.259
1
206.279 176.371
0
203.184 52.5498
0
497.041 197.52
0
142.648 284.145
1
310.707 332.997
1
384.245 41.2568
0
181.01 323.221
1
348.263 30.5411
0
443.701 31.3334
0
232.848 392.094
1
269.232 306.234
1
258.154 217.219
0
610.808 72.1012
0
347.732 64.568
0
286.115 163.292
0
415.611 63.2521
0
512.129 443.054
0
528.188 51.9858
0
511.122 285.031
0
509.309 62.6746
0
107.106 396.351
1
57.611 117.515
1
331.142 220.791
0
144.57 288.066
1
554.41 341
0
162.222 425.261
1
567.795 158.484
0
589.366 69.053
0
126.681 270.045
1
244.567 146.359
0
179.764 259.451
1
295.417 366.097
1
100.496 443.054
1
492.079 80.1312
0
540.182 48.2528
0
394.334 38.8665
0
221.129 363.358
1
60.7422 50.0925
0
488.966 57.6122
0
368.662 90.0009
0
542.471 450.439
0
433.721 315.097
0
160.098 448.143
1
97.9687 43.6067
0
41.717 247.285
1
154.825 395.424
1
384.098 123.249
0
480.03 98.9038
0
409.459 202.73
0
137.191 153.852
1
65.2101 299.01
1
226.769 258.779
1
614.287 428.753
0
346.926 51.7844
0
533.901 208.921
0
235.503 393.41
1
242.755 392.859
1
461.517 140.343
0
74.0544 343.86
1
534.945 358.846
0
214.244 425.463
1
303.657 426.416
1
225.451 26.8081
0
606.303 170.597
0
270.752 202.139
0
49.6457 413.767
1
461.005 322.805
0
79.4195 232.259
1
441.741 361.035
0
213.146 459.181
1
439.178 403.709
0
403.874 299.05
0
483.967 215.205
0
203.587 103.496
0
231.292 128.056
0
294.941 256.456
0
296.388 359.933
1
259.967 417.755
1
323.873 35.9795
0
554.867 73.8066
0
109.944 55.0877
0
159.256 244.223
1
196.025 78.9361
0
268.866 252.871
0
452.49 382.479
0
100.184 412.545
1
271.704 164.661
0
576.236 131.44
0
88.4652 418.171
1
161.636 90.7932
0
47.1554 316.896
1
416.381 201.911
0
333.962 59.8413
0
136.367 231.641
1
193.186 450.359
1
450.073 84.9385
0
146.347 269.173
1
339.62 33.3476
0
232.537 200.461
0
155.374 77.9693
0
589.292 289.087
0
392.576 55.9203
0
192.198 128.271
0
98.811 118.845
1
72.4796 196.191
1
181.119 112.224
0
230.816 340.288
1
381.461 124.417
0
166.58 428.095
1
589.329 294.001
0
40.9662 43.2575
1
60.0464 384.144
1
392.961 45.688
0
408.049 293.021
0
426.561 234.139
0
543.02 248.641
0
588.578 330.606
0
218.584 97.1581
0
455.108 284.776
0
361.63 393.316
1
45.8736 77.459
1
51.2387 301.534
1
385.142 301.884
0
516.121 296.955
0
27.5991 181.272
1
418.907 274.504
0
168.54 21.8397
0
596.672 175.31
0
56.549 359.719
1
125.618 338.838
1
127.834 400.527
1
79.5843 329.693
1
580.613 330.553
0
450.238 47.7828
0
208.604 418.144
1
598.43 110.586
0
612.364 163.936
0
104.982 36.1943
0
206.755 99.1052
0
190 456.2
1
544.119 249.782
0
169.052 406.583
1
370.951 66.9045
0
515.517 326.081
0
537.728 440.059
0
397.19 50.1596
0
579.899 273.886
0
56.6405 229.734
1
489.332 126.163
0
103.297 423.113
1
494.642 106.074
0
286.683 90.1889
0
369.284 131.306
0
619.048 137.483
0
86.0482 303.132
1
216.551 242.612
1
336.984 257.759
0
327.407 167.401
0
537.051 93.0894
0
315.962 287.851
0
30.6937 409.309
1
271.338 310.142
1
119.942 102.261
0
209.483 201.092
0
32.4699 448.479
1
537.307 102.167
0
48.8949 40.0616
0
347.622 175.417
0
107.82 109.002
1
613.884 230.352
0
507.149 398.848
0
452.948 80.4266
0
220.781 283.084
1
125.362 37.8997
0
49.3527 248.722
1
141.146 295.787
1
123.568 403.75
1
540.402 365.6
0
179.05 367.48
1
517.165 399.855
0
521.523 282.225
0
55.4869 287.797
1
100.844 265.346
1
146.255 113.272
0
412.938 240.222
0
253.668 63.5475
0
247.937 104.906
0
400.12 297.587
0
203.88 417.379
1
538.058 182.763
0
184.232 35.8855
0
377.927 48.7497
0
398.088 133.481
0
140.432 27.1572
0
481.934 25.0221
0
602.495 445.847
0
61.6944 385.917
1
504.915 106.504
0
173.667 180.883
1
491.328 434.54
0
463.239 241.927
0
246.417 389.596
1
580.045 253.771
0
402.739 245.808
0
88.3737 326.027
1
84.3818 450.412
1
511.745 70.463
0
456.903 29.4266
0
229.772 202.314
0
351.321 109.217
0
247.094 24.203
0
332.003 302.649
0
151.968 211.794
1
76.325 128.62
1
484.315 299.413
0
35.3081 253.717
1
431.176 284.776
0
43.8227 324.685
1
468.842 151.542
0
449.231 60.5261
0
70.1175 128.15
1
227.025 373.026
1
95.6615 322.053
1
52.4473 184.186
1
587.974 347.808
0
596.617 229.855
0
586.82 228.069
0
416.033 277.606
0
285.072 105.886
0
504.274 168.193
0
143.453 47.38
0
74.4389 349.11
1
282.874 113.245
0
241.326 428.847
1
173.447 218.186
1
171.781 220.992
1
138.693 396.659
1
572.355 46.5072
0
493.635 113.97
0
282.691 363.197
1
435.68 321.287
0
243.634 130.957
0
307.063 293.397
0
608.61 141.793
0
347.476 427.96
1
466.992 163.037
0
155.539 405.039
1
348.739 82.696
0
378.275 365.52
0
178.153 65.79
0
46.7891 227.317
1
46.3131 230.137
1
77.4786 398.163
1
70.4837 130.567
1
356.906 323.355
0
109.468 320.334
1
329.677 327.827
0
403.508 118.133
0
107.637 110.707
1
307.521 450.077
1
619.414 231.48
0
386.533 174.679
0
418.779 386.347
0
241.931 40.2765
0
271.009 373.523
1
337.258 43.0158
0
535.476 186.388
0
192.509 374.664
1
63.5438 293.034
1
615.367 88.6312
0
230.578 301.024
1
538.424 153.247
0
20.5127 146.225
1
331.032 180.735
0
182.017 244.317
1
354.342 340.986
0
574.827 343.739
0
28.6428 388.455
1
325.1 119.033
0
581.51 271.375
0
508.54 362.968
0
545.364 411.793
0
379.868 336.542
0
373.789 405.052
1
67.7554 255.422
1
444.616 387.864
0
153.47 71.5909
0
418.907 303.334
0
252.496 449.083
1
424.804 431.908
1
217.467 172.235
0
34.3742 176.881
1
81.4704 285.73
1
302.87 233.373
0
560.214 404.582
0
38.6773 289.261
1
231.969 133.28
0
572.904 27.0632
0
214.116 272.677
1
597.349 415.499
0
454.706 33.1864
0
139.626 299.198
1
258.154 333.426
1
44.0425 235.75
1
363.645 162.674
0
427.166 228.485
0
595.005 46.2654
0
76.6729 223.866
1
600.828 32.1928
0
262.476 142.277
0
103.517 78.1841
0
528.481 390.939
0
176.249 377.699
1
134.078 67.6028
0
166.104 263.493
1
514.089 403.964
0
182.749 267.978
1
225.56 97.3058
0
170.92 258.591
1
550.692 199.387
0
85.7186 427.114
1
24.1566 371.106
1
589.366 251.944
0
254.034 211.74
0
388.09 451.661
1
104.469 231.708
1
428.283 408.879
0
609.636 337.2
0
270.038 43.0964
0
86.8905 75.8879
0
457.471 371.361
0
618.718 272.154
0
403.984 295.183
0
571.311 180.614
0
211.882 132.944
0
319.46 346.895
1
144.314 196.191
1
45.6905 24.109
0
169.034 88.5507
0
583.03 214.117
0
492.262 226.364
0
569.644 301.951
0
101.375 259.33
1
284.614 232.541
0
235.741 290.228
1
33.0009 158.162
1
203.551 452.467
1
449.633 265.534
0
264.27 343.914
1
389.518 191.316
0
194.816 36.1003
0
374.723 294.659
0
458.679 197.48
0
65.2834 235.643
1
596.342 409.148
0
123.916 208.303
1
556.039 252.334
0
542.507 277.082
0
183.536 46.0237
0
399.681 85.2608
0
189.524 93.5057
0
117.928 104.409
0
413.524 156.712
0
389.024 93.3042
0
503.193 217.045
0
36.5899 335.333
1
27.3061 281.419
1
184.58 442.852
1
141.842 292.296
1
200.309 417.554
1
227.208 100.475
0
580.796 75.4045
0
615.935 119.301
0
51.312 204.892
1
29.1922 419.219
1
244.805 247.379
1
41.2775 201.146
1
430.828 268.38
0
390.251 247.782
0
462.817 248.453
0
454.101 171.228
0
412.663 62.3255
0
310.67 95.963
0
60.9253 215.326
1
500.612 355.717
0
511.836 105.443
0
511.452 43.0964
0
301.442 40.2496
0
502.131 310.8
0
268.115 256.94
0
286.555 62.8358
0
553.769 94.6336
0
94.691 55.0475
0
404.68 247.553
0
130.361 403.065
1
340.701 247.647
0
444.085 36.8389
0
561.643 265.748
0
539.999 260.619
0
559.372 259.76
0
235.522 276.558
1
404.68 278.72
0
592.533 31.3065
0
277.399 231.426
0
438.628 444.061
1
508.668 288.523
0
497.535 94.6605
0
504.036 226.592
0
447.18 430.968
0
616.191 203.187
0
324.257 93.7071
0
536.099 391.369
0
594.035 98.0041
0
71.1429 202.757
1
304.06 29.9503
0
79.2547 247.553
1
240.869 397.385
1
427.459 280.452
0
307.741 93.1431
0
544.027 241.256
0
443.151 150.092
0
32.4882 278.693
1
297.834 106.115
0
116.811 266.5
1
389.884 358.295
0
385.801 420.253
1
556.058 344.666
0
606.175 443.833
0
218.492 212.6
0
272.62 134.287
0
485.468 212.345
0
263.703 193.827
0
604.674 194.512
0
472.486 457.529
0
188.059 50.3879
0
180.295 445.833
1
327.169 393.678
1
442.877 330.257
0
616.942 362.458
0
257.147 181.379
0
207.725 200.246
0
177.75 427.49
1
503.615 214.574
0
351.87 72.9606
0
225.853 252.28
1
41.1493 445.028
1
260.516 89.8801
0
599.601 457.502
0
608.72 38.0071
0
375.858 400.567
1
258.282 398.566
1
309.077 244.975
0
295.893 393.289
1
286.829 229.761
0
77.9546 42.6399
0
233.746 282.01
1
579.368 333.762
0
399.992 317.407
0
538.589 315.849
0
417.864 170.516
0
118.202 102.382
0
595.701 323.395
0
99.2871 58.4045
0
217.54 421.22
1
528.554 311.713
0
517.385 263.909
0
36.8645 106.974
1
496.894 262.284
0
348.318 261.183
0
455.108 327.531
0
397.923 319.421
0
199.119 342.907
1
177.201 269.522
1
204.21 306.221
1
526.357 174.652
0
492.573 211.915
0
391.404 102.086
0
98.8659 401.561
1
565.616 307.523
0
291.883 251.367
0
433.446 93.17
0
20.6592 325.705
1
336.086 138.651
0
554.062 145.083
0
277.179 123.383
0
582.279 217.582
0
387.486 399.224
1
549.484 42.331
0
467.432 412.008
0
485.908 293.948
0
426.049 430.901
1
508.192 456.401
0
135.012 164.245
1
257.074 115.447
0
517.018 380.599
0
440.771 458.093
1
186.466 233.709
1
353.042 107.78
0
261.963 370.381
1
534.597 324.47
0
268.903 119.65
0
246.545 57.7331
0
151.071 162.311
1
124.849 282.346
1
309.938 299.373
0
284.248 304.314
1
290.528 198.245
0
40.6183 186.898
1
32.4149 215.487
1
320.449 344.773
1
104.854 54.6849
0
526.046 135.294
0
44.3721 278.398
1
525.606 135.791
0
214.244 32.703
0
136.33 255.261
1
303.767 403.481
1
169.986 129.56
0
486.915 162.647
0
408.946 108.666
0
158.395 363.572
1
382.212 44.7884
0
266.449 144.103
0
109.56 350.131
1
560.745 196.204
0
82.8803 332.916
1
174.18 220.697
1
53.3262 40.6256
0
57.7209 226.041
1
93.1529 179.083
1
86.4144 349.903
1
500.85 176.062
0
155.722 262.123
1
418.358 398.338
0
486.933 307.967
0
129.262 230.849
1
260.223 170.301
0
306.514 226.659
0
594.218 289.651
0
178.446 36.5569
0
190.769 60.5261
0
482.062 327.088
0
463.825 243.189
0
572.007 395.491
0
70.795 89.2221
1
354.306 130.769
0
465.766 140.021
0
613.408 229.184
0
592.497 316.601
0
401.164 73.1217
0
536.831 299.722
0
57.0434 382.17
1
56.549 179.016
1
127.596 364.888
1
407.902 449.795
1
554.446 440.408
0
187.125 216.333
1
599.345 258.188
0
206.316 160.512
0
275.147 445.014
1
321.639 334.259
1
151.382 447.727
1
233.269 214.829
0
303.053 20.7117
0
375.547 321.65
0
71.6923 246.734
1
516.048 73.1352
0
607.292 199.615
0
582.334 422.898
0
459.686 98.2055
0
135.397 233.172
1
588.468 459.611
0
408.195 205.255
0
59.8633 180.923
1
528.042 244.787
0
599.675 218.092
0
242.004 121.208
0
70.4654 390.536
1
163.706 299.896
1
242.608 380.519
1
460.126 45.7686
0
526.961 375.698
0
397.758 237.227
0
38.714 103.993
1
266.193 68.865
0
60.7056 69.1202
1
298.384 362.216
1
475.196 215.876
0
506.032 22.6588
0
232.555 273.711
1
248.999 121.852
0
226.128 87.3824
0
257.477 383.903
1
41.3874 223.598
1
525.57 354.482
0
148.636 282.131
1
395.195 151.247
0
407.756 40.3302
0
248.925 314.681
1
453.845 419.81
0
330.575 57.6659
0
32.4149 163.869
1
312.19 33.0924
0
53.0699 174.679
1
526.522 117.703
0
30.0528 398.714
1
83.0451 91.3034
1
478.968 329.29
0
587.315 309.9
0
537.747 335.038
0
481.11 131.615
0
581.419 362.928
0
123.476 434.084
1
98.5546 264.701
1
230.248 61.963
0
598.887 55.3294
0
591.618 23.6927
0
220.25 392.443
1
285.987 435.708
1
604.289 265.225
0
309.224 73.2426
0
108.772 101.871
0
237.756 246.493
1
526.229 243.941
0
44.5369 420.535
1
176.853 356.684
1
486.366 58.1091
0
545.034 283.97
0
581.455 264.003
0
527.694 436.595
0
596.177 349.339
0
63.8368 22.5782
0
59.2407 55.1817
0
413.432 448.573
1
422.625 353.73
0
54.7362 320.482
1
87.4947 365.936
1
468.824 372.878
0
414.44 34.5293
0
379.813 355.247
0
235.979 370.851
1
519.82 44.1572
0
491.035 354.508
0
487.244 50.079
0
99.3237 344.545
1
167.13 67.5491
0
494.88 80.7355
0
482.447 357.355
0
537.124 254.053
0
344.876 149.743
0
418.743 124.552
0
174.106 77.1233
0
488.49 166.138
0
454.12 125.129
0
408.141 456.254
1
295.326 210.841
0
162.131 269.683
1
71.4542 156.846
1
538.68 155.06
0
499.641 449.889
0
401.109 72.9337
0
432.696 112.896
0
368.296 153.932
0
132.21 119.14
0
22.6368 295.989
1
291.352 317.219
1
64.6974 319.354
1
575.852 55.6383
0
132.998 417.997
1
552.304 155.826
0
107.71 106.262
0
172.129 142.142
0
417.333 239.59
0
280.347 257.853
0
166.525 147.836
0
317.501 415.687
1
604.509 180.211
0
283.863 331.681
1
152.133 380.358
1
534.359 31.2259
0
507.002 310.451
0
473.273 135.979
0
444.689 423.046
0
517.128 240.248
0
435.644 319.38
0
594.786 65.884
0
95.6981 452.923
1
153.36 384.279
1
189.561 416.909
1
138.839 34.0458
0
205.583 374.61
1
519.911 103.563
0
220.983 91.102
0
423.925 166.689
0
475.873 365.251
0
453.882 280.64
0
175.058 440.637
1
454.87 234.756
0
336.526 154.281
0
98.8293 78.869
0
204.759 401.923
1
356.668 460
1
448.443 118.294
0
25.8596 196.15
1
260.645 71.6715
0
383.036 176.035
0
380.619 230.916
0
129.629 453.38
1
355.771 124.135
0
299.885 64.4874
0
262.622 387.595
1
99.5068 78.1304
0
605.553 403.468
0
344.088 46.0506
0
411.876 345.485
0
265.698 243.256
0
442.474 331.009
0
156.894 306.583
1
135.983 158.27
1
420.262 60.3919
0
606.12 247.741
0
492.72 178.197
0
510.133 226.055
0
213.237 108.679
0
107.857 171.563
1
502.553 155.383
0
329.403 80.1044
0
523.775 298.245
0
170.81 369.655
1
192.637 446.102
1
236.108 302.81
1
406.145 428.833
1
144.589 225.759
1
258.118 457.811
1
22.1424 102.435
1
410.924 363.438
0
395.231 242.665
0
491.511 98.6218
0
506.38 223.047
0
281.025 256.832
0
169.95 139.376
0
366.409 253.435
0
386.881 189.248
0
22.8565 399.238
1
37.0476 83.6225
1
596.012 234.891
0
68.3596 446.169
1
152.298 234.823
1
500.776 219.072
0
266.687 129.601
0
464.539 154.134
0
515.956 75.3911
0
391.075 247.755
0
346.743 119.207
0
375.364 318.682
0
87.0553 228.902
1
428.539 387.354
0
369.742 296.418
0
239.477 375.282
1
136.788 183.125
1
564.188 183.595
0
293.366 96.151
0
261.505 109.217
0
580.155 44.1841
0
94.3065 457.583
1
332.809 421.676
1
114.412 310.478
1
297.212 270.166
0
550.399 28.0703
0
569.48 105.551
0
216.826 403.508
1
229.131 139.739
0
563.84 408.973
0
334.585 345.901
1
385.416 92.136
0
249.292 235.71
0
105.842 441.496
1
367.691 397.411
1
62.1888 179.379
1
609.343 143.633
0
302.339 221.637
0
550.326 357.409
0
116.884 362.297
1
160.336 165.413
1
23.7355 242.464
1
414.568 47.004
0
224.315 161.801
0
348.813 447.915
1
49.7922 151.502
1
26.6836 147.191
1
216.625 347.58
1
587.882 166.474
0
409.459 203.012
0
45.6722 309.873
1
610.79 457.825
0
603.319 283.608
0
495.704 125.384
0
356.906 404.018
1
510.774 334.205
0
154.66 202.529
1
155.411 243.485
1
280.585 56.7125
0
85.041 391.61
1
331.362 195.748
0
554.19 455.958
0
355.588 449.351
1
418.816 183.045
0
423.76 368.715
0
616.191 147.608
0
297.816 448.546
1
141.403 99.4409
0
569.242 118.334
0
438.995 356.724
0
333.926 272.395
0
228.618 44.5332
0
573.362 286.656
0
283.442 277.444
0
509.895 371.535
0
180.039 364.714
1
305.873 89.3564
0
538.479 417.084
0
374.558 365.144
0
571.421 193.774
0
471.936 259.451
0
260.956 88.4567
0
238.305 232.151
0
581.968 252.911
0
158.029 85.7711
0
290.565 237.267
0
406.584 237.254
0
96.7418 425.423
1
153.213 226.686
1
139.59 164.42
1
188.535 32.0585
0
384.043 26.6469
0
45.1411 298.553
1
57.8491 23.3839
0
280.604 451.164
1
347.604 328.767
0
491.163 39.4305
0
472.412 292.511
0
125.069 83.1928
0
354.05 100.636
0
464.392 87.6241
0
602.513 422.401
0
443.719 257.007
0
435.259 442.691
1
274.909 175.27
0
449.45 178.237
0
146.365 402.689
1
65.5763 436.702
1
165.701 456.938
1
161.307 157.128
0
214.501 67.6833
0
114.339 330.714
1
483.912 253.22
0
372.947 160.472
0
159.86 107.914
0
373.093 378.787
1
426.745 369.36
0
520.681 261.25
0
258.008 413.834
1
457.928 175.928
0
162.772 188.805
1
532.253 166.447
0
556.973 331.506
0
486.897 247.916
0
327.883 101.818
0
491.603 394.323
0
260.791 458.778
1
332.333 176.089
0
96.4122 29.0506
0
78.7603 426.765
1
488.123 96.2987
0
448.187 297.264
0
427.257 200.179
0
184.672 436.716
1
205.839 33.6296
0
72.3331 378.518
1
484.956 227.438
0
101.045 430.378
1
337.679 110.385
0
603.996 107.068
0
435.735 434.299
0
485.175 324.698
0
447.729 352.239
0
356.009 75.136
0
418.706 158.954
0
99.7449 79.5941
0
599.052 402.098
0
482.227 179.728
0
491.877 73.0277
0
127.852 325.396
1
587.388 326.135
0
479.81 277.525
0
353.262 155.06
0
462.653 405.106
0
149.569 154.953
1
66.6201 454.723
1
37.011 359.208
1
572.245 431.787
0
147.317 359.625
1
233.562 31.8168
0
384.483 458.724
1
139.572 320.911
1
525.625 182.776
0
471.845 143.606
0
290.254 384.641
1
77.3138 197.681
1
446.502 424.738
0
575.431 213.822
0
323.36 179.338
0
317.555 419.42
1
597.514 124.578
0
418.321 205.12
0
123.33 445.135
1
376.792 332.822
0
475.361 336.233
0
106.923 283.89
1
371.244 207.846
0
295.655 166.38
0
244.531 39.5917
0
507.423 100.045
0
335.83 115.447
0
153.891 337.723
1
570.853 26.6066
0
547.982 321.999
0
594.621 411.645
0
560.104 375.913
0
430.041 242.357
0
296.315 266.339
0
129.958 284.4
1
516.561 98.8232
0
91.3584 261.116
1
211.809 422.777
1
400.23 349.621
0
459.155 405.482
0
276.264 257.557
0
173.063 193.988
1
185.77 349.701
1
272.217 163.386
0
491.822 272.704
0
80.0421 90.4038
1
410.1 427.141
1
78.2659 190.9
1
139.498 415.163
1
231.603 20.1343
0
335.976 253.099
0
202.983 254.549
1
598.613 237.093
0
277.674 273.725
0
136.44 411.054
1
314.974 81.38
0
484.992 365.372
0
346.688 364.056
1
241.033 315.312
1
140.597 426.309
1
284.577 227.693
0
147.958 121.154
0
456.72 144.694
0
553.897 234.461
0
161.984 233.615
1
248.962 402.084
1
64.1481 191.061
1
241.345 458.509
1
544.119 50.6833
0
127.651 335.723
1
88.6117 262.915
1
541.775 451.043
0
78.6871 455.555
1
199.907 342.678
1
546.279 24.015
0
461.169 131.856
0
568.015 399.99
0
21.7762 370.085
1
465.088 266.997
0
462.488 450.399
0
277.344 292.068
1
466.901 381.432
0
81.0492 281.876
1
30.5655 382.949
1
218.621 52.2141
0
278.754 21.4771
0
409.257 119.731
0
411.986 145.137
0
609.105 304.314
0
198.112 96.0167
0
189.909 271.267
1
529.745 59.1833
0
104.762 101.764
0
265.332 146.775
0
409.532 80.3998
0
473.346 356.268
0
209.135 428.659
1
497.664 41.2299
0
196.977 172.866
0
563.419 153.865
0
456.702 275.739
0
141.641 297.466
1
294.575 99.7766
0
191.74 448.13
1
571.622 251.676
0
300.435 263.989
0
304.152 436.286
1
35.949 121.141
1
601.231 88.9669
0
336.16 314.627
0
508.211 95.0902
0
449.487 363.411
0
224.7 165.212
0
47.2469 138.289
1
466.004 295.129
0
226.33 351.044
1
236.602 439.066
1
420.757 163.923
0
384.574 225.075
0
540.988 458.201
0
205.492 321.354
1
559.756 400.258
0
464.887 242.008
0
263.135 244.398
0
107.545 361.29
1
385.618 210.68
0
22.9664 284.951
1
47.7047 456.898
1
535.128 27.3855
0
115.419 343.121
1
585.905 103.483
0
199.559 247.956
1
280.329 383.715
1
114.284 174.813
1
362.985 421.394
1
113.332 167.28
1
293.696 220.858
0
522.676 292.229
0
491.841 195.157
0
488.398 369.306
0
217.65 162.11
0
58.728 285.837
1
259.418 87.5973
0
518.575 195.519
0
95.2403 224.537
1
595.701 120.013
0
498.231 276.545
0
257.074 451.889
1
53.6741 75.0151
1
114.192 237.872
1
157.315 78.2513
0
356.265 21.0877
0
362.894 221.422
0
429.601 401.064
0
448.388 266.178
0
382.578 450.009
1
69.1287 178.654
1
294.355 344.666
1
366.941 164.473
0
506.343 31.8705
0
203.66 209.767
1
275.312 47.004
0
388.31 76.5996
0
566.587 263.815
0
166.178 42.0087
0
206.169 54.5506
0
538.809 248.923
0
110.878 39.068
0
483.582 278.035
0
614.671 101.657
0
41.7353 329.304
1
610.295 454.374
0
543.441 341.832
0
325.026 425.517
1
338.632 200.703
0
249.054 432.271
1
302.669 439.938
1
435.296 55.8934
0
85.1692 429.773
1
489.57 318.521
0
571.073 57.5182
0
269.654 440.099
1
122.414 130.433
1
412.132 254.402
0
69.9344 29.4266
0
305.745 322.711
1
422.826 162.473
0
429.876 364.042
0
65.6862 266.299
1
77.094 360.497
1
411.382 225.182
0
378.513 116.763
0
378.385 175.672
0
50.3781 312.21
1
261.652 405.885
1
381.26 384.507
1
565.396 458.093
0
277.82 243.485
0
166.928 143.539
0
288.661 274.02
0
279.963 118.106
0
24.4679 26.6066
1
586.326 327.411
0
93.4092 174.383
1
604.783 130.514
0
170.609 215.46
1
465.784 170.556
0
120.217 459.194
1
360.623 121.342
0
589.109 335.239
0
34.246 298.5
1
390.635 244.008
0
589.933 383.997
0
297.633 307.429
1
374.814 172.785
0
362.894 158.646
0
415.337 430.31
1
386.222 169.522
0
370.639 409.564
1
246.783 334.554
1
473.365 236.65
0
119.393 290
1
26.1892 313.23
1
293.495 207.108
0
122.982 225.061
1
613.683 318.024
0
563.327 304.986
0
460.4 133.038
0
429.162 419.326
0
489.79 388.401
0
92.2922 446.424
1
450.988 422.71
0
321.511 96.0033
0
300.123 181.366
0
457.965 338.153
0
129.574 427.41
1
327.828 130.621
0
131.02 237.455
1
60.7422 393.356
1
311.366 321.851
1
82.7705 118.683
1
580.137 247.338
0
252.881 86.4022
0
327.059 301.387
0
411.4 391.866
0
508.723 36.624
0
109.395 216.481
1
162.827 274.383
1
387.705 128.956
0
569.077 165.789
0
574.222 386.118
0
575.156 49.5822
0
168.338 362.109
1
506.819 384.964
0
581.327 54.7923
0
580.631 458.469
0
601.14 437.857
0
438.226 343.726
0
150.76 87.5973
0
120.803 132.501
1
208.641 253.166
1
102.62 356.093
1
259.839 398.741
1
102.107 255.637
1
346.89 346.653
0
289.686 20.2149
0
89.0878 290.174
1
410.594 131.48
0
538.79 284.548
0
441.815 413.324
0
43.4931 165.225
1
101.777 285.783
1
182.822 181.89
0
231.457 181.487
0
348.501 217.139
0
365.64 343.699
0
36.6814 78.5333
1
313.435 44.5198
0
21.0987 52.6975
1
66.2355 42.143
0
475.763 250.32
0
452.362 315.822
0
416.014 130.782
0
56.7321 297.211
1
126.79 255.127
1
424.877 237.173
0
146.658 176.035
1
69.1653 366.366
1
276.484 233.937
0
97.0714 448.64
1
581.4 287.381
0
179.27 345.941
1
55.0108 67.0254
1
476.862 233.373
0
314.443 341.658
1
246.38 203.375
0
394.773 344.975
0
341.195 97.4804
0
212.138 332.177
1
328.231 184.642
0
563.785 314.748
0
438.537 444.853
1
433.941 322.388
0
270.789 396.539
1
474.427 280.869
0
266.12 306.986
1
228.509 454.4
1
273.188 443.994
1
366.959 101.442
0
22.3438 87.8793
1
504.86 132.595
0
27.4343 442.517
1
268.152 379.324
1
534.121 403.884
0
178.428 342.275
1
33.3671 325.45
1
424.895 188.094
0
559.134 98.4338
0
92.1641 303.146
1
288.441 86.3485
0
312.721 133.266
0
463.312 32.045
0
112.618 338.019
1
552.597 76.3579
0
419.475 188.335
0
273.059 327.035
1
201.06 396.337
1
388.072 36.4763
0
203.844 225.88
1
502.717 307.443
0
59.5337 392.819
1
174.289 384.977
1
29.0091 163.601
1
356.723 253.811
0
351.98 160.982
0
97.6574 39.6454
0
471.241 165.534
0
507.167 133.119
0
100.331 341.832
1
116.481 455.327
1
203.367 458.026
1
245.977 143.539
0
455.585 247.379
0
300.691 35.9929
0
253.558 320.871
1
412.389 434.299
1
443.902 179.231
0
346.817 42.3444
0
238.818 213.446
0
95.1122 440.569
1
287.745 282.279
0
67.7371 434.003
1
373.533 435.762
1
309.938 33.2402
0
301.899 333.171
1
257.568 166.85
0
253.155 284.521
1
251.782 283.863
1
164.621 23.9747
0
331.472 185.488
0
412.773 344.303
0
522.255 324.389
0
363.699 180.762
0
540.585 310.478
0
60.6507 433.573
1
131.917 422.039
1
417.571 77.1905
0
361.704 140.692
0
586.948 245.821
0
477.631 269.213
0
471.405 83.1257
0
262.329 450.735
1
447.107 45.6478
0
94.8924 408.261
1
268.189 408.181
1
240.319 243.162
1
20.6592 99.884
1
585.227 191.343
0
294.85 340.355
1
538.9 455.972
0
244.714 163.614
0
318.416 195.331
0
303.309 179.62
0
336.343 244.814
0
422.57 341.322
0
510.023 291.544
0
606.633 146.52
0
410.979 360.444
0
607.255 242.988
0
273.536 410.678
1
150.009 225.733
1
180.9 420.951
1
160.208 395.155
1
447.894 42.613
0
357.034 64.7023
0
518.886 199.212
0
284.888 187.046
0
599.693 431.304
0
350.607 247.204
0
342.221 85.1936
0
335.226 271.643
0
600.59 224.524
0
349.124 101.939
0
177.512 283.259
1
499.348 181.796
0
179.636 418.856
1
37.597 406.193
1
100.605 64.5412
0
58.1237 401.319
1
50.6528 119.341
1
313.692 424.281
1
451.391 154.349
0
218.785 91.008
0
414.549 274.544
0
608.812 281.339
0
523.574 334.38
0
123.494 149.89
1
436.596 426.228
0
184.214 311.74
1
29.6316 180.171
1
432.915 171.161
0
498.909 354.253
0
402.189 22.7796
0
340.646 293.41
0
84.8579 293.37
1
27.654 456.442
1
171.964 193.29
1
101.008 69.241
0
27.8372 26.4589
0
495.576 423.408
0
171.012 187.154
1
218.474 358.712
1
129.72 212.936
1
399.058 168.394
0
240.942 161.962
0
228.838 25.9487
0
61.2366 203.872
1
210.765 372.099
1
158.743 252.562
1
435.882 40.7062
0
554.629 370.058
0
506.782 442.57
0
182.841 249.702
1
226.11 145.54
0
237.206 268.058
1
469.062 49.985
0
174.106 213.58
1
358.719 418.238
1
39.9957 381.392
1
362.729 276.585
0
292.103 262.472
0
230.34 249.111
1
181.339 396.471
1
188.407 421.394
1
266.046 416.305
1
314.992 453.42
1
525.368 173.846
0
509.639 140.142
0
240.942 55.2086
0
178.757 158.605
0
115.73 334.245
1
55.1024 320.159
1
198.716 73.256
0
469.812 346.774
0
84.1438 259.612
1
296.095 50.079
0
354.269 246.855
0
483.124 411.887
0
333.981 109.27
0
198.79 244.814
1
126.552 178.492
1
300.398 52.1873
0
198.808 251.018
1
351.596 285.327
0
484.736 295.29
0
304.829 337.589
1
76.1052 307.188
1
267.511 433.493
1
69.1836 262.566
1
471.057 431.908
0
435.772 455.73
1
261.45 341.926
1
87.7145 92.4314
1
29.888 90.2695
1
603.703 146.332
0
102.601 258.887
1
586.527 427.45
0
508.247 451.513
0
320.412 391.557
1
441.815 88.027
0
96.3573 239.147
1
143.911 45.3389
0
474.72 392.819
0
413.854 263.345
0
453.662 301.655
0
75.4827 94.9425
1
612.181 381.593
0
414.769 38.9068
0
596.525 120.281
0
107.124 194.069
1
418.724 115.447
0
454.303 233.803
0
335.94 195.157
0
248.468 199.534
0
379.392 69.1604
0
83.1733 311.928
1
301.771 379.727
1
229.369 418.534
1
411.711 40.8002
0
495.43 356.818
0
463.953 54.4163
0
589.915 90.9543
0
74.4389 452.829
1
405.815 21.5442
0
228.472 115.259
0
545.089 326.739
0
351.138 188.174
0
102.052 173.537
1
108.534 177.405
1
424.712 58.2299
0
408.69 201.361
0
472.284 194.391
0
170.645 233.736
1
288.294 407.523
1
130.965 144.586
1
607.347 174.759
0
55.725 168.515
1
114.833 308.759
1
27.416 328.794
1
578.086 84.1462
0
575.138 205.94
0
367.691 105.564
0
316.658 219.811
0
387.815 315.835
0
281.812 93.6937
0
534.396 363.291
0
385.014 69.3753
0
499.55 86.6305
0
216.405 101.643
0
441.522 296.432
0
420.153 401.346
0
338.375 291.772
0
28.3132 315.352
1
144.552 210.935
1
419.713 232.621
0
168.851 254.751
1
471.79 424.657
0
192.674 41.5387
0
174.839 189.409
1
347.274 252.159
0
276.996 447.337
1
468.677 144.143
0
228.82 398.231
1
349.087 133.535
0
596.25 187.677
0
603.666 383.164
0
210.637 191.988
0
571.146 196.204
0
224.865 70.0333
0
167.111 153.771
0
543.624 71.1478
0
309.114 355.126
1
197.49 267.481
1
431.56 219.421
0
328.945 199.776
0
309.901 247.728
0
359.103 325.316
0
512.459 204.006
0
404.35 276.612
0
298.768 273.778
0
511.049 159.76
0
483.088 99.32
0
177.604 341.215
1
481.916 50.1596
0
132.21 231.507
1
64.2946 67.3745
1
235.229 315.016
1
423.65 440.825
1
275.074 454.266
1
89.5273 297.721
1
526.009 37.4566
0
98.8293 361.531
1
436.852 38.41
0
144.424 39.7931
0
119.521 237.039
1
120.235 239.752
1
605.534 29.628
0
181.834 210.317
1
339.932 37.4297
0
540.768 249.487
0
80.976 182.373
1
111.647 335.548
1
474.408 238.583
0
30.9134 361.129
1
271.064 288.576
1
365.567 388.697
1
456.756 52.7647
0
231.072 446.276
1
62.7381 241.162
1
436.98 42.2236
0
326.07 55.7591
0
278.882 437.629
1
568.125 152.724
0
195.823 175.256
0
60.2661 352.843
1
111.537 103.765
0
45.544 89.0609
1
378.458 35.8318
0
384.702 119.946
0
543.222 199.064
0
595.793 297.761
0
452.398 178.331
0
355.752 279.767
0
117.287 148.44
1
233.013 171.819
0
456.28 175.726
0
119.448 72.7592
0
133.822 187.328
1
330.959 348.278
1
214.629 347.042
1
445.001 283.366
0
451.794 36.3823
0
244 21.6919
0
127.724 459.597
1
233.453 361.008
1
466.516 271.429
0
103.261 32.891
0
536.501 246.399
0
401.274 436.232
1
461.92 228.271
0
387.65 292.43
0
262.238 418.507
1
338.87 311.767
0
337.936 362.512
1
70.0076 339.227
1
321.584 212.291
0
144.277 268.662
1
512.862 264.406
0
538.259 394.202
0
216.295 271.872
1
231.768 167.347
0
200.602 248.775
1
291.316 268.824
0
598.1 306.422
0
115.291 363.72
1
263.153 359.719
1
210.381 88.7252
0
308.528 322.482
1
567.282 40.2765
0
437.878 310.572
0
204.942 192.283
0
393.803 151.381
0
152.023 432.19
1
539.779 358.712
0
433.868 204.194
0
94.6544 351.487
1
534.469 188.349
0
238.964 35.3484
0
501.491 364.136
0
411.144 85.6233
0
163.632 27.5466
0
412.956 450.506
1
228.728 270.26
1
242.535 333.373
1
331.399 409.55
1
73.9811 52.6841
0
199.192 317.903
1
102.125 118.442
1
205.839 141.082
0
271.375 123.853
0
280.237 113.084
0
207.121 271.012
1
40.1056 317.111
1
568.875 209.229
0
319.094 21.128
0
143.399 205.026
1
555.82 396.78
0
96.9982 202.126
1
613.921 130.299
0
105.44 30.6082
0
301.661 54.5372
0
180.424 283.782
1
359.927 150.307
0
111.171 81.38
0
587.168 206.316
0
140.212 38.2354
0
70.4654 246.023
1
191.703 56.7528
0
591.087 130.514
0
71.3077 262.19
1
173.172 165.924
0
356.32 419.393
1
45.0496 364.177
1
394.755 429.787
1
580.924 185.851
0
332.168 327.397
0
492.335 374.006
0
585.062 172.49
0
38.0548 347.459
1
279.267 21.7859
0
321.126 242.545
0
72.6444 373.939
1
41.4423 191.894
1
80.2252 188.805
1
373.404 209.176
0
121.059 359.772
1
136.532 308.356
1
205.125 57.196
0
328.432 266.326
0
79.3646 422.482
1
188.499 417.715
1
551.37 390.67
0
261.304 250.44
0
609.544 441.241
0
28.2766 151.045
1
258.539 375.094
1
176.597 428.189
1
88.7033 316.789
1
73.7614 323.355
1
298.201 280.976
0
516.982 377.457
0
386.607 21.2354
0
525.753 301.991
0
438.812 220.751
0
46.6793 123.518
1
417.827 142.894
0
339.144 270.368
0
185.441 281.11
1
110.329 450.09
1
269.232 286.2
1
169.034 26.5395
0
94.8009 270.368
1
266.266 185.435
0
302.229 166.42
0
291.792 36.7852
0
464.923 400.822
0
295.326 143.458
0
30.1993 319.649
1
101.082 344.155
1
400.065 266.004
0
184.36 79.7955
0
370.804 227.559
0
379.081 412.129
1
250.573 73.1755
0
484.864 102.919
0
273.261 457.261
1
542.489 343.175
0
227.685 170.543
0
46.4962 380.223
1
320.778 456.16
1
463.641 392.362
0
593.431 189.651
0
125.82 459.073
1
107.893 361.787
1
266.614 95.9496
0
425.408 442.745
1
469.721 402.998
0
192.747 226.659
1
498.323 94.9828
0
356.65 295.062
0
574.112 222.711
0
224.517 178.103
0
274.561 53.8524
0
290.528 112.224
0
117.47 242.209
1
445.678 193.116
0
601.194 153.946
0
490.504 182.561
0
369.541 199.883
0
569.388 368.192
0
270.148 442.221
1
45.013 134.462
1
574.772 164.635
0
231.859 364.177
1
530.587 234.716
0
507.35 168.703
0
110.988 186.912
1
419.64 226.135
0
534.945 215.326
0
310.432 145.795
0
423.064 444.84
1
471.973 378.129
0
360.037 189.221
0
356.686 48.3602
0
131.295 125.29
0
258.209 353.139
1
203.221 411.511
1
382.908 58.4179
0
115.291 320.038
1
330.062 217.837
0
553.366 330.862
0
500.081 249.796
0
572.281 376.786
0
48.9682 292.511
1
337.038 28.03
0
108.223 335.414
1
250.903 25.2638
0
288.514 45.8089
0
239.55 389.556
1
186.247 349.621
1
259.711 238.382
0
511.635 124.672
0
401.146 256.188
0
556.79 65.6288
0
450.805 188.241
0
423.064 39.1217
0
287.91 226.673
0
526.009 227.787
0
378.403 417.312
1
196.702 302.152
1
138.033 356.214
1
498.542 318.91
0
32.3966 344.451
1
477.851 224.511
0
382.871 110.089
0
367.252 342.651
0
347.091 226.028
0
360.623 164.581
0
242.956 132.326
0
78.1194 20.846
0
484.608 92.0688
0
540.328 313.257
0
299.189 109.176
0
570.047 245.875
0
293.55 57.2362
0
240.667 413.727
1
38.8787 207.779
1
289.704 187.946
0
142.721 247.043
1
516.304 416.318
0
576.841 369.763
0
481.476 177.512
0
529.543 338.865
0
129.958 308.41
1
551.498 99.7632
0
52.136 242.571
1
263.666 38.0474
0
204.979 439.213
1
195.988 69.147
0
410.832 20.9803
0
425.719 49.0451
0
252.514 139.618
0
384.245 254.482
0
483.839 47.9037
0
300.746 21.4771
0
573.948 357.087
0
252.057 331.17
1
504.457 458.053
0
286.848 71.2149
0
238.159 185.435
0
593.284 122.081
0
177.823 183.045
1
378.806 156.497
0
234.039 49.6896
0
430.755 101.106
0
220.818 163.829
0
226.604 389.005
1
397.63 106.021
0
562.54 191.759
0
76.7644 457.932
1
169.126 79.9567
0
314.571 456.428
1
282.929 380.747
1
205.473 41.8073
0
242.645 361.249
1
597.477 98.6889
0
478.638 66.6091
0
547.909 188.308
0
164.511 261.465
1
338.174 331.211
0
499.751 103.322
0
566.147 418.843
0
291.645 317.057
1
335.134 292.833
0
205.949 58.8073
0
258.118 230.862
0
554.245 78.3721
0
95.7897 37.658
0
587.553 368.621
0
347.567 440.126
1
364.249 70.7852
0
613.902 144.962
0
561.588 144.452
0
448.846 178.076
0
99.0674 290.765
1
321.804 63.9637
0
142.941 317.823
1
606.706 104.208
0
560.086 76.9756
0
417.9 33.7101
0
390.397 238.624
0
211.205 393.356
1
406.254 236.421
0
368.9 417.93
1
127.761 48.6691
0
287.544 98.0444
0
562.759 385.46
0
387.174 214.802
0
239.971 30.4068
0
160.867 85.8919
0
604.527 305.925
0
83.1367 21.9337
0
544.1 450.385
0
496.199 311.901
0
314.864 36.2481
0
492.591 216.078
0
35.5828 137.886
1
113.149 225.786
1
419.072 457.543
1
478.968 68.0325
0
509.236 398.593
0
375.913 114.4
0
92.9698 414.64
1
110.841 432.499
1
355.313 183.085
0
357.968 298.983
0
246.6 52.2678
0
214.134 332.849
1
130.691 110.492
0
182.017 387.582
1
582.682 246.117
0
499.55 201.092
0
104.909 387.072
1
534.817 342.302
0
30.2908 328.874
1
464.813 332.621
0
581.29 99.7363
0
156.967 281.768
1
553.512 271.429
0
72.1317 276.061
1
192.93 84.8177
0
307.832 338.381
1
534.853 278.841
0
200.474 38.1817
0
573.984 131.454
0
605.333 130.688
0
534.011 441.55
0
472.925 23.6659
0
605.589 200.353
0
40.7648 50.7505
1
421.379 441.389
1
459.009 149.998
0
37.0293 377.283
1
168.741 406.449
1
486.695 192.699
0
52.0627 337.307
1
481.879 441.684
0
271.961 178.815
0
522.548 98.4472
0
221.605 173.148
0
188.92 370.3
1
101.027 234.447
1
483.051 41.297
0
540.603 392.47
0
588.505 455.743
0
589.384 432.808
0
317.446 189.732
0
87.8426 452.306
1
613.371 160.096
0
143.051 308.517
1
178.592 99.0649
0
525.387 121.745
0
394.938 103.51
0
305.58 248.802
0
406.694 67.6431
0
550.711 246.748
0
534.304 147.755
0
397.813 85.7845
0
87.7694 347.875
1
324.184 49.891
0
548.367 174.907
0
332.754 383.809
1
187.364 412.344
1
271.448 205.362
0
90.8823 40.8405
0
205.4 261.787
1
459.064 34.8918
0
260.608 248.695
0
548.697 23.8807
0
257.66 110.6
0
328.066 426.725
1
354.727 441.671
1
412.572 448.398
1
618.077 405.401
0
149.881 147.487
0
139.095 172.114
1
23.5707 43.3381
1
216.716 132.904
0
443.829 311.404
0
223.583 368.783
1
93.9586 75.9148
0
275.11 113.836
0
301.661 168.3
0
519.985 251.179
0
603.428 180.157
0
370.932 220.227
0
371.189 219.744
0
94.3614 294.418
1
69.971 400.46
1
277.949 167.723
0
214.83 110.143
0
394.444 409.054
1
596.342 210.223
0
380.894 362.982
0
243.194 92.8343
0
451.849 375.913
0
90.7175 225.464
1
65.1552 165.991
1
423.76 351.151
0
259.509 335.978
1
463.184 453.393
0
81.8366 167.414
1
564.353 374.516
0
324.074 455.206
1
596.543 355.959
0
487.409 120.953
0
371.83 149.595
0
393.107 204.342
0
492.555 288.523
0
158.615 450.667
1
485.651 86.3216
0
357.529 333.843
0
393.016 353.394
0
282.398 293.303
1
286.408 119.046
0
328.963 63.628
0
275.77 188.429
0
420.647 435.695
1
279.56 182.575
0
492.042 47.9843
0
325.96 130.688
0
350.058 147.044
0
53.8389 303.307
1
131.716 115.42
0
581.931 234.944
0
476.99 226.337
0
215.05 305.294
1
35.7292 143.432
1
356.448 227.317
0
227.337 384.601
1
494.477 451.379
0
471.845 108.424
0
432.769 393.866
0
411.308 202.287
0
32.5614 379.243
1
140.176 190.524
1
235.741 324.174
1
563.345 141.686
0
437.585 292.524
0
300.673 53.4361
0
177.86 349.97
1
256.872 414.129
1
219.06 446.921
1
275.257 379.283
1
180.387 398.66
1
194.248 342.437
1
396.495 251.233
0
525.405 58.4045
0
369.467 222.013
0
71.5458 418.238
1
282.929 63.5475
0
104.213 34.2741
0
347.146 119.664
0
418.413 454.32
1
243.487 402.246
1
484.077 163.319
0
37.542 397.774
1
612.859 431.922
0
29.064 332.124
1
158.688 89.7324
0
307.979 442.57
1
271.21 83.1391
0
484.846 305.509
0
420.629 175.35
0
364.89 48.9645
0
412.865 288.281
0
233.892 218.32
0
113.606 284.467
1
325.118 364.204
1
200.163 128.11
0
535.806 161.21
0
359.817 383.728
1
561.935 46.3192
0
53.2713 151.327
1
320.247 345.592
1
62.317 316.91
1
226.055 277.914
1
339.968 416.788
1
595.61 204.785
0
182.291 74.8003
0
341.873 154.563
0
440.441 350.923
0
232.482 190.094
0
591.508 120.067
0
78.449 48.5348
0
587.315 420.051
0
522.457 101.898
0
299.537 447.055
1
595.665 187.355
0
480.268 337.764
0
511.47 115.756
0
456.225 136.623
0
265.241 167.374
0
76.0503 407.187
1
508.577 103.456
0
528.921 46.0372
0
466.956 282.386
0
153.287 278.411
1
569.498 329.196
0
254.877 273.805
1
359.598 267.212
0
252.203 400.809
1
555.16 440.583
0
168.613 319.474
1
427.166 296.311
0
589.658 450.332
0
565.396 274.786
0
104.231 178.492
1
399.919 277.324
0
148.8 451.916
1
547.378 279.62
0
472.742 172.114
0
550.454 79.7552
0
544.119 196.768
0
279.413 229.64
0
314.424 392.161
1
364.816 258.484
0
61.0352 34.8112
0
329.384 197.198
0
526.192 200.891
0
588.651 192.377
0
71.0147 401.923
1
388.383 258.605
0
263.904 425.893
1
248.175 237.925
0
421.233 82.2663
0
379.337 255.154
0
319.771 329.814
1
46.368 417.782
1
599.4 245.754
0
140.542 49.2465
0
274.561 355.354
1
134.078 44.3721
0
73.7248 180.292
1
84.3269 275.538
1
225.121 84.9788
0
55.9996 38.5443
0
207.762 119.153
0
430.627 66.9045
0
486.585 215.863
0
271.888 23.0616
0
550.107 163.332
0
215.508 115.662
0
469.757 189.651
0
452.582 311.27
0
299.336 138.853
0
274.872 69.5901
0
333.504 277.35
0
551.15 430.686
0
143.93 389.18
1
602.971 383.07
0
612.053 199.145
0
448.938 341.523
0
276.941 422.441
1
486.018 263.103
0
417.296 439.321
1
576.676 390.402
0
585.978 253.932
0
210.765 70.5033
0
216.203 95.9362
0
510.609 438.837
0
617.967 43.3381
0
148.196 255.946
1
183.189 65.8705
0
343.502 366.889
1
519.051 227.143
0
211.992 351.031
1
127.34 124.552
0
30.8585 191.746
1
549.429 385.89
0
292.158 214.386
0
394.883 20.7923
0
311.897 241.296
0
373.13 366.634
0
463.678 452.829
0
146.383 186.697
1
405.723 62.7686
0
522.951 140.222
0
370.053 257.383
0
209.319 302.434
1
282.38 26.2709
0
40.2521 153.637
1
181.87 134.394
0
305.159 116.119
0
308.949 343.43
1
489.808 417.379
0
130.489 291.665
1
251.892 318.709
1
70.6851 140.934
1
149.606 87.7316
0
416.582 399.466
0
341.305 393.732
1
567.026 109.203
0
575.815 184.24
0
293.659 286.696
0
291.334 42.1967
0
182.767 365.896
1
342.459 201.871
0
526.815 251.944
0
373.368 222.496
0
34.1545 134.542
1
556.424 58.5388
0
226.146 109.633
0
514.693 285.112
0
89.8752 118.2
1
547.195 337.334
0
55.5419 51.0324
0
375.712 442.557
1
467.304 87.933
0
531.74 383.903
0
416.088 240.423
0
402.409 334.205
0
103.425 46.4669
0
454.321 418.789
0
604.765 26.1367
0
253.595 286.106
1
601.14 126.794
0
401.402 184.763
0
148.031 286.723
1
603.3 425.866
0
250.116 105.739
0
191.41 289.234
1
510.426 111.916
0
518.117 292.47
0
423.082 292.578
0
539.706 81.4606
0
578.086 138.893
0
609.508 261.116
0
346.835 272.57
0
398.234 425.06
1
317.446 223.235
0
561.221 383.097
0
48.309 345.659
1
70.557 365.184
1
608.794 245.083
0
31.536 160.579
1
75.739 379.968
1
501.6 451.003
0
454.779 90.2158
0
530.752 136.516
0
394.7 40.4242
0
542.471 392.953
0
564.188 126.149
0
473.31 459.463
0
259.216 392.43
1
590.409 295.143
0
110.31 413.216
1
205.363 383.392
1
257.88 280.305
1
603.538 182.669
0
464.795 410.678
0
207.011 22.5782
0
534.89 240.987
0
290.73 23.9344
0
305.965 57.8002
0
269.635 401.48
1
586.216 312.613
0
276.465 248.09
0
102.638 29.9905
0
248.266 39.4171
0
30.5838 98.0847
1
40.6915 117.22
1
372.599 289.812
0
588.944 390.644
0
355.752 203.71
0
433.648 113.849
0
316.219 453.165
1
231.017 338.999
1
439.416 212.721
0
565.616 423.167
0
425.06 210.29
0
284.541 427.88
1
245.373 233.937
0
471.973 350.413
0
65.4848 241.981
1
282.581 104.987
0
94.6727 305.321
1
552.835 433.265
0
237.225 110.533
0
208.549 302.273
1
311.623 292.591
0
187.986 209.109
1
106.941 165.964
1
498.616 350.668
0
44.9214 282.816
1
326.803 437.441
1
516.908 427.061
0
618.975 230.03
0
63.7819 152.992
1
452.911 97.1447
0
68.4878 397.411
1
418.175 233.897
0
528.975 73.632
0
124.154 38.9337
0
580.924 256.604
0
54.5897 249.447
1
338.906 187.409
0
287.452 92.5791
0
324.624 346.277
1
298.64 412.196
1
450.824 342.678
0
168.558 189.356
1
230.065 271.187
1
210.143 55.9337
0
376.737 322.106
0
537.032 219.327
0
271.192 255.328
0
590.757 237.617
0
454.724 126.311
0
145.852 383.701
1
424.126 353.018
0
611.192 157.061
0
294.795 312.358
1
346.597 282.158
0
200.639 155.007
0
213.64 231.91
1
600.169 187.422
0
478.968 255.248
0
356.888 309.565
0
489.131 387.434
0
563.291 457.382
0
235.778 141.699
0
176.835 138.544
0
229.772 161.358
0
436.907 210.371
0
602.879 290.725
0
531.081 148.521
0
56.2194 183.783
1
280.183 115.394
0
373.789 429.451
1
110.164 196.849
1
319.954 191.921
0
279.853 395.975
1
239.752 345.176
1
433.446 352.817
0
580.631 180.01
0
246.215 178.627
0
54.4249 182.763
1
432.476 53.6106
0
58.3801 284.118
1
84.2537 416.587
1
73.8347 356.979
1
409.715 395.599
0
261.322 282.037
1
39.776 268.26
1
171.122 199.843
1
372.086 320.24
0
187.638 28.0837
0
120.51 130.97
1
26.4821 182.937
1
539.596 335.279
0
303.163 382.976
1
492.097 329.452
0
291.92 234.77
0
428.85 130.836
0
293.586 238.597
0
449.286 299.467
0
531.173 313.15
0
111.739 210.492
1
191.868 197.977
1
162.021 26.3784
0
534.469 152.469
0
49.0231 57.3168
1
80.4999 150.011
1
396.476 218.817
0
208.44 386.118
1
98.8842 315.097
1
168.997 419.366
1
211.205 337.186
1
440.991 203.737
0
100.477 184.28
1
46.0384 331.291
1
428.228 197.292
0
141.018 343.672
1
232.647 153.18
0
106.978 351.514
1
279.047 308.974
1
253.375 420.226
1
547.433 384.05
0
356.155 321.032
0
425.884 69.6304
0
348.684 266.03
0
278.681 34.0996
0
184.122 385.971
1
357.638 412.894
1
388.108 449.432
1
525.661 151.717
0
320.192 222.416
0
361.063 352.091
0
463.33 206.745
0
111.61 27.4258
0
359.579 76.3042
0
266.815 179.003
0
311.256 269.723
0
217.394 200.098
0
265.863 98.2458
0
370.584 317.353
0
403.966 27.748
0
390.049 237.952
0
448.333 173.309
0
329.165 231.413
0
413.506 25.3175
0
326.4 94.7142
0
414.238 245.942
0
231.53 29.6146
0
451.721 114.319
0
231.603 200.716
0
196.244 259.786
1
244.989 363.183
1
285.163 301.346
1
352.859 288.885
0
354.727 152.509
0
36.2053 179.593
1
124.831 330.096
1
287.837 35.9795
0
555.087 345.686
0
367.362 251.34
0
591.142 198.702
0
468.476 198.594
0
320.119 89.5846
0
267.145 159.424
0
53.6375 292.081
1
419.347 284.266
0
157.388 263.09
1
577.024 171.953
0
145.962 249.218
1
391.422 237.603
0
61.5479 68.4219
1
72.1134 97.7624
1
255.591 85.6233
0
370.639 421.327
1
191.648 381.15
1
357.492 395.021
1
188.755 50.5625
0
61.3831 332.392
1
123.531 114.856
0
339.126 254.751
0
210.234 99.4543
0
445.257 453.098
1
277.143 121.127
0
70.0443 139.537
1
258.264 301.252
1
314.516 197.158
0
118.917 104.329
0
171.415 417.017
1
134.261 420.669
1
380.747 310.813
0
339.053 431.452
1
428.649 48.4945
0
67.8103 435.655
1
558.456 48.8839
0
603.941 36.9329
0
562.485 172.638
0
456.427 229.667
0
23.589 125.921
1
83.3747 102.583
1
175.022 263.882
1
180.387 219.032
1
47.2652 442.261
1
153.122 312.344
1
270.99 66.2197
0
92.6218 275.282
1
604.289 65.0917
0
272.034 442.167
1
353.628 261.653
0
283.552 22.4842
0
356.65 344.679
0
234.478 244.841
1
95.8995 113.836
1
120.858 69.6438
0
612.291 165.252
0
397.74 269.871
0
186.613 446.733
1
464.484 217.985
0
58.5998 51.301
0
484.278 98.2995
0
551.425 78.0499
0
256.25 363.291
1
71.0514 168.529
1
559.097 152.549
0
148.947 228.029
1
84.9312 133.32
1
196.757 140.034
0
582.151 41.2433
0
141.934 182.897
1
125.966 340.087
1
613.06 237.321
0
335.574 39.1217
0
243.267 53.4898
0
256.341 87.1944
0
161.142 426.497
1
326.143 421.81
1
237.115 68.8919
0
544.393 92.2568
0
154.678 349.231
1
62.5001 415.66
1
74.9516 364.996
1
314.681 344.169
1
163.303 239.013
1
307.613 282.681
0
346.798 388.065
1
587.919 455.434
0
171.341 132.112
0
306.056 380.291
1
127.138 113.406
0
295.6 69.5901
0
111.281 453.729
1
186.32 276.209
1
596.159 438.904
0
70.0809 203.522
1
372.452 459.073
1
138.253 118.267
0
35.6926 113.594
1
409.294 244.76
0
284.577 249.433
0
565.341 299.332
0
600.499 201.374
0
216.57 283.863
1
576.401 203.375
0
212.029 296.996
1
464.191 239.429
0
515.608 421.784
0
209.19 22.6991
0
66.1074 208.598
1
140.414 171.953
1
140.139 132.125
0
185.496 33.6296
0
436.12 140.934
0
178.94 138.705
0
198.954 318.628
1
532.583 342.839
0
203.496 95.1708
0
436.742 318.602
0
515.645 147.339
0
61.1084 48.6019
0
50.1218 346.68
1
324.038 388.267
1
43.4199 94.1234
1
98.7378 26.8484
0
60.614 119.838
1
25.5116 355.73
1
55.0658 206.906
1
198.607 52.3081
0
99.5801 277.928
1
296.278 128.889
0
507.68 183.004
0
223.088 374.53
1
564.041 347.956
0
233.031 459.261
1
382.523 381.566
0
402.263 269.025
0
510.774 440.502
0
220.177 420.387
1
199.962 250.803
1
567.594 163.345
0
358.627 144.519
0
450.824 221.583
0
109.193 330.418
1
360.403 298.218
0
165.903 117.287
0
422.991 116.481
0
153.158 348.922
1
415.63 323.557
0
82.6423 209.135
1
610.643 246.6
0
308.382 455.958
1
320.284 269.629
0
578.068 283.353
0
309.737 99.9646
0
299.775 309.645
1
547.122 253.113
0
42.7241 211.002
1
59.4421 224.685
1
390.525 418.99
1
563.199 238.221
0
566.11 360.806
0
238.14 37.564
0
146.896 21.1011
0
313.454 292.739
0
288.807 383.943
1
34.5024 87.6778
1
578.141 293.706
0
279.377 459.181
1
529.873 253.905
0
393.675 415.002
1
51.2204 142.304
1
112.489 240.839
1
89.216 41.3776
0
138.253 283.944
1
180.845 402.675
1
43.0537 342.92
1
124.941 184.011
1
264.527 171.98
0
94.0867 178.09
1
263.593 68.5965
0
405.65 51.3413
0
213.402 293.263
1
70.4105 271.791
1
87.4947 50.1193
0
137.832 84.5894
0
516.652 57.1825
0
156.418 74.1691
0
482.612 194.928
0
368.167 31.4945
0
417.864 221.973
0
355.716 225.303
0
379.868 326.699
0
160.904 316.211
1
68.6892 263.305
1
593.742 52.1201
0
556.845 441.469
0
350.168 384.077
1
99.7998 197.869
1
457.672 340.866
0
96.3573 138.745
1
467.359 181.541
0
367.087 261.989
0
511.214 444.383
0
420.098 307.577
0
243.414 370.958
1
272.638 205.201
0
384.391 284.454
0
97.163 27.6406
0
286.262 400.419
1
60.9436 398.875
1
238.561 209.203
0
227.685 125.371
0
133.034 148.601
1
89.9667 359.759
1
206.041 25.3981
0
601.433 185.005
0
277.546 304.704
1
477.173 408.597
0
205.162 285.783
1
431.377 454.709
1
372.507 163.104
0
520.699 303.764
0
129.94 111.419
0
62.2987 287.663
1
206.993 313.418
1
295.362 129.762
0
415.025 349.097
0
54.4066 158.149
1
458.697 105.161
0
223.876 360.954
1
575.467 183.568
0
41.9001 212.667
1
221.276 447.713
1
422.844 219.985
0
521.688 405.025
0
366.574 196.003
0
306.789 65.0514
0
423.888 51.5293
0
449.139 131.279
0
486.384 312.331
0
322.902 165.763
0
469.721 230.835
0
503.34 185.287
0
159.055 381.325
1
325.338 367.722
1
185.276 127.224
0
219.573 367.346
1
400.779 369.212
0
445.22 397.975
0
23.7721 202.864
1
137.814 302.488
1
619.597 94.8753
0
291.297 87.651
0
87.8426 206.195
1
192.509 342.88
1
324.202 311.042
0
527.456 301.749
0
525.57 60.6336
0
277.509 325.061
1
607.384 320.213
0
24.9074 403.991
1
501.637 368.111
0
585.813 142.384
0
604.71 45.8492
0
589.713 176.666
0
543.386 327.692
0
524.453 372.314
0
328.084 398.539
1
64.8622 35.4692
0
461.92 109.123
0
404.368 318.736
0
274.36 176.894
0
207.909 419.393
1
48.2174 201.522
1
505.244 69.3887
0
208.879 63.8429
0
543.13 355.475
0
144.204 376.88
1
515.297 408.154
0
124.172 77.6202
0
388.896 38.692
0
488.856 28.6612
0
546.151 142.357
0
373.441 157.88
0
60.0464 386.911
1
339.254 325.477
0
122.725 85.2071
0
379.191 366.768
0
45.2876 450.493
1
66.7299 259.585
1
548.019 53.0601
0
116.866 265.064
1
559.409 157.356
0
127.999 230.526
1
442.968 317.836
0
173.392 103.241
0
270.642 32.7433
0
411.107 403.763
0
61.2915 34.2741
0
380.802 307.591
0
203.203 94.0159
0
556.68 444.141
0
579.386 122.349
0
24.7792 141.256
1
214.354 120.577
0
53.8939 184.629
1
161.05 44.5735
0
228.344 380.398
1
46.9173 418.668
1
511.726 349.862
0
597.496 358.389
0
110.329 325.208
1
156.619 441.201
1
504.841 254.67
0
521.981 43.4321
0
519.087 146.104
0
514.363 102.664
0
394.828 397.761
1
399.882 43.9692
0
340.975 204.744
0
383.585 268.944
0
326.29 270.274
0
93.336 266.178
1
384.08 430.136
1
272.657 222.067
0
397.886 179.365
0
401.274 150.481
0
436.688 189.745
0
62.1888 20.2149
0
608.464 46.8563
0
174.051 178.976
1
300.911 415.607
1
507.35 272.476
0
578.068 22.7259
0
403.489 357.664
0
601.359 65.3334
0
315.248 208.612
0
244.183 273.819
1
287.598 73.8737
0
368.607 118.348
0
197.288 204.086
1
332.735 387.354
1
270.459 208.585
0
397.905 146.856
0
96.4672 399.748
1
204.136 149.541
0
57.0983 23.7599
0
382.688 222
0
389.738 256.752
0
274.506 379.216
1
603.264 264.728
0
23.2228 234.904
1
465.381 366.392
0
611.65 296.378
0
480.286 157.424
0
510.188 152.845
0
75.2629 354.925
1
506.233 225.813
0
415.007 180.869
0
383.201 330.284
0
462.36 363.425
0
217.815 395.679
1
404.478 54.4432
0
164.566 114.964
0
462.854 382.627
0
95.9911 231.09
1
205.968 300.232
1
167.697 29.0506
0
183.683 82.8034
0
76.4714 342.772
1
201.628 340.342
1
480.836 45.1643
0
254.785 458.55
1
152.133 170.529
1
238.525 169.294
0
125.545 117.515
0
256.47 248.654
0
619.194 81.9575
0
43.2917 321.408
1
190.421 327.961
1
521.743 330.942
0
298.182 446.035
1
612.163 132.984
0
139.59 207.161
1
113.68 252.146
1
530.239 321.583
0
575.632 459.866
0
496.327 310.625
0
577.775 92.6865
0
547.946 161.009
0
138.455 289.557
1
501.655 329.787
0
469.19 186.603
0
421.654 168.878
0
594.419 448.761
0
347.952 338.14
0
455.255 456.307
1
180.424 35.3887
0
616.136 325.598
0
187.51 332.352
1
392.668 242.451
0
508.211 45.1241
0
119.979 367.01
1
116.188 268.26
1
379.923 388.844
1
214.885 40.5451
0
305.965 231.077
0
531.979 152.079
0
384.666 102.194
0
82.3859 200.609
1
472.394 74.384
0
468.494 186.442
0
245.922 27.0363
0
485.816 114.36
0
605.9 134.327
0
503.779 91.4512
0
51.5867 95.493
1
589.475 109.525
0
146.182 366.527
1
43.6946 240.88
1
290.711 72.1952
0
317.958 436.165
1
125.93 137.053
1
380.692 213.164
0
580.759 154.093
0
302.357 65.132
0
285.603 169.925
0
327.224 37.5237
0
570.102 305.267
0
401.237 381.808
0
163.248 149.3
0
24.4496 175.122
1
615.257 86.8319
0
396.788 134.596
0
559.463 336.931
0
325.887 235.038
0
433.282 301.763
0
465.894 118.603
0
577.079 164.46
0
155.795 385.501
1
529.104 294.7
0
226.201 434.151
1
436.156 400.768
0
243.029 179.835
0
397.831 146.829
0
557.321 440.395
0
463.751 94.2979
0
29.4119 77.6873
1
102.125 285.743
1
396.769 83.918
0
458.752 170.476
0
353.482 381.056
1
424.621 270.233
0
511.177 402.42
0
31.7374 43.9424
1
509.016 225.343
0
395.085 270.18
0
442.364 123.115
0
519.893 446.021
0
478.565 145.54
0
592.936 401.346
0
28.3682 236.489
1
76.6362 146.896
1
542.233 297.305
0
224.498 115.259
0
99.6533 264.849
1
536.813 213.164
0
61.0535 52.9392
0
575.412 284.105
0
550.07 305.858
0
256.14 400.003
1
235.741 292.672
1
437.841 60.4321
0
583.03 51.2339
0
526.394 438.582
0
40.2155 30.5814
0
312.996 392.134
1
532.583 60.271
0
365.018 58.4179
0
330.208 135.791
0
388.365 112.184
0
459.558 448.438
0
80.097 384.762
1
526.851 68.5293
0
90.0583 443.604
1
322.536 70.9598
0
410.173 110.774
0
475.251 391.248
0
410.228 319.152
0
524.105 161.492
0
239.019 85.0594
0
278.15 54.6178
0
609.325 116.307
0
431.78 105.631
0
85.6087 33.9384
0
504.475 338.811
0
93.4458 167.038
1
274.231 309.524
1
568.875 178.748
0
372.892 49.3808
0
66.8032 202.676
1
412.352 283.487
0
47.485 268.233
1
510.463 448.532
0
158.908 173.712
1
385.27 300.581
0
434.911 425.879
0
86.2313 121.1
1
226.97 244.72
1
131.551 30.192
0
188.993 292.269
1
319.826 455.703
1
133.309 404.125
1
385.252 306.704
0
277.051 422.415
1
564.957 180.775
0
497.59 129.063
0
446.96 112.95
0
315.505 218.065
0
168.1 75.7805
0
224.242 305.308
1
529.983 218.951
0
484.864 315.137
0
102.144 257.181
1
404.79 361.975
0
281.318 275.39
0
219.445 185.972
0
174.857 159.559
0
195.164 301.454
1
77.918 362.324
1
272.419 196.728
0
212.541 331.788
1
268.079 144.264
0
297.633 392.658
1
355.405 199.709
0
418.633 328.001
0
40.3619 308.839
1
365.366 450.829
1
153.47 380.72
1
307.265 173.806
0
75.3179 286.401
1
574.167 306.342
0
114.998 401.373
1
411.931 127.291
0
60.0281 450.842
1
81.2873 302.434
1
216.405 356.482
1
168.961 55.1952
0
157.736 403.468
1
79.3646 99.5752
1
302.064 26.3784
0
376.243 183.904
0
335.171 452.964
1
142.41 114.145
0
199.138 384.265
1
26.7202 145.634
1
64.8805 70.1138
1
346.963 371.952
1
207.451 318.535
1
117.067 279.499
1
202.653 357.798
1
168.155 296.902
1
164.255 450.171
1
31.1881 347.566
1
439.745 415.674
0
150.869 314.533
1
84.1621 404.998
1
298.915 65.9914
0
130.251 360.081
1
355.752 430.646
1
573.929 101.133
0
329.458 131.118
0
93.574 438.985
1
380.326 184.857
0
22.3072 211.284
1
120.18 220.536
1
591.581 201.629
0
355.093 419.286
1
564.957 40.0214
0
540.072 129.198
0
281.043 363.572
1
514.675 262.002
0
24.1017 296.257
1
388.328 80.5072
0
341.049 326.39
0
543.844 325.759
0
423.687 200.488
0
428.081 212.425
0
575.193 152.563
0
498.616 241.47
0
78.8885 367.185
1
594.804 118.522
0
88.9962 395.384
1
302.376 206.933
0
461.188 22.0679
0
580.045 204.154
0
142.336 223.678
1
216.991 390.295
1
238.085 434.621
1
189.982 457.449
1
176.633 441.778
1
488.838 388.71
0
488.05 45.1912
0
78.9801 155.477
1
217.284 404.246
1
169.931 61.9361
0
90.2231 207.537
1
458.276 265.332
0
50.9641 265.816
1
514.07 420.938
0
489.478 426.094
0
179.416 180.225
1
578.086 206.195
0
347.805 171.402
0
35.9673 248.265
1
393.052 230.526
0
139.919 149.89
1
216.661 232.447
1
100.294 331.882
1
182.346 289.959
1
221.184 421.099
1
306.184 390.147
1
163.101 47.4337
0
371.683 196.58
0
127.23 253.489
1
537.985 406.099
0
480.012 415.539
0
510.225 228.969
0
436.449 315.097
0
440.881 301.105
0
321.474 59.1162
0
430.517 317.259
0
227.538 448.183
1
597.038 253.69
0
187.602 450.923
1
382.029 189.289
0
81.9831 103.98
1
262.952 113.728
0
198.039 215.702
1
339.858 451.621
1
61.2915 152.67
1
165.647 291.034
1
56.7687 47.7023
0
288.221 205.684
0
459.375 348.117
0
273.682 58.9282
0
591.966 202.918
0
279.066 438.891
1
529.873 367.776
0
343.338 312.908
0
270.771 246.452
0
265.717 430.66
1
588.487 27.4929
0
239.605 224.108
0
489.369 174.88
0
311.403 373.563
1
290.418 431.411
1
32.3783 108.062
1
437.512 273.591
0
572.94 89.4235
0
282.563 336.73
1
467.487 388.159
0
138.583 149.071
1
459.174 440.381
0
31.005 53.5972
1
212.779 174.276
0
264.435 456.374
1
564.774 394.981
0
223.253 119.999
0
79.273 296.432
1
525.075 281.312
0
178.629 309.283
1
145.578 31.4945
0
417.241 233.279
0
233.654 297.936
1
567.63 423.005
0
235.485 106.142
0
87.2384 375.792
1
446.319 260.793
0
235.046 290.483
1
208.879 324.335
1
606.267 385.796
0
476.917 72.2758
0
154.349 26.9289
0
562.613 103.59
0
468.824 249.568
0
186.961 25.0356
0
377.653 289.409
0
251.562 328.471
1
43.0171 66.5017
1
250.482 219.26
0
619.322 112.95
0
141.274 155.356
1
241.711 332.607
1
393.766 34.9992
0
614.653 81.7023
0
235.101 32.3539
0
368.479 79.1241
0
410.32 299.587
0
253.357 274.96
1
276.594 374.114
1
538.845 346.196
0
350.589 229.909
0
88.2455 28.2717
0
126.864 291.598
1
276.282 231.332
0
486.933 149.823
0
418.798 389.596
0
516.945 337.079
0
483.381 33.1193
0
453.387 302.407
0
149.661 30.2591
0
575.065 23.8539
0
387.87 49.7702
0
560.489 157.397
0
224.425 451.231
1
529.085 241.148
0
263.721 312.693
1
485.23 413.485
0
234.057 244.035
1
583.762 443.94
0
327.334 375.094
1
135.726 215.621
1
200.566 406.986
1
173.136 297.788
1
608.501 35.6169
0
291.297 147.46
0
335.592 36.1675
0
587.882 58.7268
0
596.58 116.911
0
617.052 438.622
0
573.984 431.68
0
177.585 128.07
0
461.572 219.193
0
453.9 107.055
0
482.392 458.536
0
128.219 222.268
1
250.207 48.8571
0
583.378 116.414
0
142.904 322.899
1
414.311 357.718
0
57.0251 362.122
1
567.447 428.35
0
211.607 123.155
0
326.436 130.648
0
570.56 443.537
0
63.3058 189.866
1
552.139 215.957
0
573.49 251.985
0
394.242 39.6185
0
513.411 175.726
0
444.342 317.366
0
360.019 177.123
0
342.715 27.4929
0
610.075 445.712
0
367.856 418.91
1
238.653 190.819
0
312.758 58.3911
0
535.458 256.993
0
560.69 438.703
0
537.362 27.0095
0
129.464 216.319
1
576.42 231.52
0
552.798 367.534
0
161.783 183.716
1
167.368 91.6123
0
114.284 178.291
1
274.726 29.9234
0
572.666 212.801
0
546.408 109.552
0
589.805 50.7505
0
341.158 220.321
0
538.131 144.828
0
103.114 273.953
1
442.785 79.1107
0
309.535 374.06
1
261.029 209.001
0
536.776 285.743
0
27.178 77.7007
1
313.619 253.542
0
481.348 167.884
0
130.306 156.564
1
300.837 127.331
0
72.1317 369.333
1
153.396 27.3183
0
446.594 437.387
0
90.2597 432.566
1
72.3331 256.188
1
498.414 361.236
0
199.394 302.072
1
330.556 354.159
1
128.603 324.215
1
431.597 51.5159
0
299.611 85.9993
0
280.237 136.328
0
115.987 244.948
1
164.694 242.84
1
276.172 359.625
1
111.079 49.1525
0
478.931 32.421
0
383.256 432.499
1
472.321 177.069
0
272.968 25.8815
0
114.687 299.292
1
598.961 335.253
0
416.582 219.784
0
33.6967 235.293
1
32.1036 367.91
1
276.923 43.2173
0
568.93 275.068
0
593.925 388.992
0
185.056 396.418
1
338.21 240.665
0
241.821 289.677
1
176.816 423.851
1
281.153 39.8334
0
236.968 273.832
1
96.3756 158.431
1
293.128 359.249
1
365.219 246.211
0
212.926 235.844
1
213.365 447.848
1
380.894 209.471
0
578.013 267.628
0
318.654 26.5261
0
339.382 94.6336
0
20.293 391.1
1
89.7287 446.357
1
421.91 227.21
0
507.899 319.38
0
323.562 425.208
1
608.665 215.93
0
583.066 390.644
0
235.357 235.079
0
299.72 334.877
1
64.6791 117.233
1
607.31 25.7472
0
492.298 430.794
0
194.523 337.414
1
468.018 349.621
0
572.153 77.5933
0
49.4259 450.184
1
405.266 151.757
0
542.654 256.966
0
529.635 62.0838
0
598.741 285.125
0
170.609 120.805
0
135.012 68.8113
0
583.762 95.9496
0
249.53 164.312
0
235.467 188.778
0
197.636 56.4037
0
142.758 341.456
1
599.601 396.888
0
490.779 253.515
0
147.573 183.864
1
546.554 66.3405
0
381.241 390.899
1
388.401 133.857
0
400.193 254.173
0
268.939 278.653
1
282.471 367.064
1
331.014 31.9779
0
477.595 110.358
0
95.0755 256.55
1
342.953 47.2457
0
436.834 170.744
0
492.335 331.56
0
273.755 293.155
1
125.216 38.128
0
279.523 46.0103
0
605.937 344.115
0
444.744 96.4196
0
460.748 189.745
0
203.056 374.046
1
262.531 107.645
0
541.171 323.986
0
170.938 209.082
1
611.559 253.784
0
197.435 96.1779
0
266.797 212.962
0
363.443 328.713
0
434.051 104.235
0
20.7691 454.226
1
148.471 104.826
0
102.949 270.341
1
164.456 256.832
1
375.986 207.846
0
563.364 65.2528
0
257.587 23.4376
0
476.349 42.6667
0
73.5234 50.8176
0
541.372 318.951
0
519.802 238.838
0
612.767 455.045
0
199.412 345.646
1
542.416 419.501
0
402.519 37.2686
0
151.089 266.554
1
198.753 59.6936
0
208.842 234.219
1
610.277 153.006
0
543.002 121.651
0
334.512 156.323
0
92.7683 104.006
1
585.264 412.464
0
429.088 83.9045
0
320.87 440.878
1
158.34 178.143
1
28.3865 347.741
1
328.908 318.306
0
132.064 421.877
1
459.155 244.183
0
195.53 305.281
1
505.702 68.6636
0
585.813 227.049
0
390.58 52.7915
0
168.412 409.416
1
406.291 209.941
0
101.906 254.509
1
117.104 137.577
1
100.862 20.9668
0
275.916 135.589
0
235.943 438.73
1
574.698 49.9045
0
39.8309 330.902
1
148.05 419.917
1
187.766 451.715
1
248.065 168.811
0
321.492 408.798
1
409.331 255.342
0
85.1692 399.09
1
123.128 45.7686
0
542.379 346.572
0
339.254 224.887
0
442.437 251.152
0
614.287 324.631
0
105.385 56.9677
0
25.1454 289.395
1
193.882 209.055
1
66.7116 316.346
1
340.994 327.249
0
251.983 29.91
0
502.608 245.781
0
233.874 28.8894
0
403.233 407.684
1
367.197 265.09
0
543.917 142.33
0
129.647 52.1335
0
140.872 55.2489
0
120.528 323.422
1
264.014 458.765
1
455.878 177.579
0
343.484 312.143
0
78.9068 210.653
1
513.594 40.2899
0
604.509 273.309
0
362.473 379.404
1
616.246 192.149
0
556.369 178.466
0
235.101 333.762
1
307.283 265.52
0
78.3026 430.176
1
152.737 27.1035
0
27.123 144.6
1
616.429 409.994
0
522.567 236.247
0
218.364 433.547
1
407.298 322.603
0
203.569 41.955
0
33.0192 458.55
1
257.696 344.639
1
51.843 330.405
1
378.66 433.788
1
410.1 204.18
0
372.672 307.859
0
163.999 66.4077
0
143.966 289.624
1
235.357 216.575
0
46.2215 307.47
1
126.241 189.651
1
265.259 429.048
1
311.494 147.796
0
300.966 295.519
0
127.651 299.587
1
517.842 165.615
0
477.137 285.918
0
232.629 337.978
1
566.33 250.964
0
307.631 340.516
1
396.586 257.316
0
518.868 375.846
0
26.5554 203.643
1
267.31 251.085
0
124.831 424.066
1
102.638 41.2165
0
231.42 287.515
1
27.3611 354.441
1
447.253 256.282
0
451.007 288.415
0
569.883 322.214
0
562.228 186.093
0
594.548 279.405
0
588.523 240.007
0
199.247 32.0988
0
311.311 293.518
0
532.528 116.615
0
305.983 248.023
0
522.585 196.016
0
75.1347 264.741
1
26.9399 106.155
1
143.966 169.898
1
240.869 332.151
1
486.512 331.949
0
483.491 333.628
0
551.443 339.711
0
380.546 397.895
1
456.409 390.093
0
562.375 159.398
0
219.243 394.175
1
95.6981 344.666
1
195.256 390.429
1
568.418 440.932
0
188.902 353.757
1
45.5074 167.777
1
409.019 349.178
0
615.715 90.0949
0
536.025 438.837
0
146.53 451.285
1
70.1175 411.108
1
367.6 165.534
0
428.979 60.6604
0
100.056 327.773
1
563.785 88.0538
0
351.468 100.032
0
362.491 387.622
1
294.502 333.252
1
608.885 192.632
0
48.547 142.8
1
566.202 366.178
0
82.6423 37
0
554.227 426.738
0
558.804 336.891
0
388.31 277.042
0
34.0996 126.391
1
449.505 105.148
0
440.789 431.465
0
454.101 66.26
0
362.564 146.762
0
291.554 254.214
0
326.436 289.181
0
399.626 371.307
0
328.213 256.201
0
45.251 45.2852
1
110.97 348.573
1
580.21 82.132
0
414.989 395.451
0
39.7943 323.476
1
117.726 381.298
1
554.08 117.354
0
83.0268 392.725
1
539.633 151.139
0
237.92 64.568
0
340.994 215.245
0
95.9178 123.544
1
490.65 446.518
0
45.6172 48.4677
1
255.792 179.889
0
423.137 165.628
0
241.29 197.292
0
487.501 438.273
0
517 302.26
0
317.281 308.678
0
438.574 209.256
0
547.689 211.808
0
30.3641 76.3176
1
566.495 319.219
0
99.1955 309.82
1
287.69 211.821
0
347.641 50.0925
0
121.773 320.535
1
455.749 126.66
0
61.1084 33.2804
0
399.919 211.794
0
299.373 347.392
1
177.567 361.29
1
103.609 245.754
1
606.413 190.9
0
358.023 395.961
1
567.099 157.638
0
497.682 270.703
0
157.974 394.229
1
51.4219 88.6178
1
330.758 245.727
0
312.502 273.926
0
75.7207 117.059
1
155.484 153.865
0
325.246 420.132
1
118.77 32.7567
0
44.6101 109.217
1
370.713 441.066
1
278.461 153.664
0
78.6322 58.5656
0
422.02 356.187
0
599.51 190.323
0
85.6453 145.983
1
210.417 133.978
0
421.379 115.138
0
198.552 117.408
0
280.53 407.12
1
428.502 105.282
0
270.716 206.128
0
606.23 153.476
0
481.385 156.108
0
358.206 289.771
0
146.292 78.0767
0
544.741 320.012
0
612.09 414.586
0
125.6 178.036
1
81.1774 209.968
1
597.697 338.583
0
98.2983 55.3563
0
322.371 271.388
0
248.871 166.864
0
362.308 175.793
0
438.482 266.03
0
545.639 454.145
0
421.819 231.037
0
176.816 203.012
1
350.021 267.575
0
112.746 180.95
1
405.101 448.062
1
222.741 91.3169
0
290.309 127.922
0
351.303 39.2425
0
244.97 167.871
0
602.366 401.265
0
152.847 110.586
0
63.7819 286.441
1
212.468 280.949
1
590.885 267.749
0
338.375 78.2244
0
367.526 322.402
0
562.009 229.278
0
63.91 419.904
1
200.877 271.227
1
309.517 416.694
1
464.942 352.575
0
99.8364 95.8556
0
468.75 381.365
0
56.256 410.987
1
318.233 329.277
1
357.016 172.638
0
40.8563 440.287
1
258.612 236.381
0
227.959 312.693
1
426.195 191.007
0
357.693 443.242
1
591.618 45.7552
0
67.9568 362.109
1
357.931 275.296
0
547.378 27.5332
0
469.336 401.104
0
513.448 368.809
0
364.816 28.2046
0
146.749 406.261
1
134.756 315.835
1
249.511 37.2552
0
298.896 120.765
0
397.63 196.755
0
324.587 192.229
0
154.843 241.148
1
103.975 417.057
1
517.696 104.315
0
509.053 413.686
0
60.1746 34.4755
0
42.9621 354.106
1
346.67 180.695
0
506.837 432.083
0
82.0197 317.689
1
100.258 256.738
1
367.472 217.77
0
74.8418 110.116
1
531.209 78.7078
0
359.048 67.4148
0
302.211 196.097
0
73.1571 238.744
1
396.403 169.12
0
553.659 331.09
0
483.344 348.506
0
404.735 29.346
0
402.83 95.1573
0
596.91 154.98
0
599.73 398.687
0
130.324 381.244
1
445.825 143.888
0
282.471 63.5206
0
617.748 174.813
0
358.316 163.909
0
399.333 44.2512
0
562.192 68.1399
0
277.399 278.143
1
309.608 34.4084
0
99.635 323.167
1
398.417 432.11
1
163.376 166.555
1
357.364 149.702
0
303.895 196.647
0
591.38 290.376
0
151.181 253.18
1
41.9184 133.978
1
423.723 355.851
0
181.504 284.454
1
28.1668 100.005
1
60.6873 421.018
1
233.764 88.2284
0
426.836 412.236
0
489.753 186.469
0
432.86 131.494
0
155.356 173.591
1
155.191 132.81
0
310.304 213.003
0
239.312 285.448
1
115.09 115.152
1
491.767 286.401
0
489.497 99.6692
0
137.502 29.4131
0
578.379 265.748
0
361.227 229.076
0
373.166 159.774
0
451.281 398.996
0
358.078 48.7765
0
165.244 302.703
1
149.551 448.425
1
235.65 216.024
0
198.057 194.432
0
434.728 399.708
0
120.363 166.112
1
316.768 401.01
1
131.844 190.699
1
257.202 343.014
1
346.835 197.346
0
106.648 420.454
1
216.185 189.49
0
279.157 320.777
1
70.795 424.254
1
193.077 69.1739
0
439.599 327.746
0
83.4114 56.3366
0
510.902 175.068
0
504.475 427.719
0
406.016 103.496
0
141.403 232.997
1
233.544 47.9037
0
49.6274 34.583
0
593.412 447.015
0
540.566 453.836
0
499.128 269.186
0
32.6896 353.689
1
387.302 126.781
0
86.6524 336.649
1
182.951 427.329
1
142.922 296.647
1
89.3991 130.755
1
581.144 223.705
0
71.5458 141.27
1
619.542 40.1019
0
301.259 182.36
0
73.4501 186.657
1
333.596 224.162
0
491.584 58.1225
0
482.703 151.556
0
288.496 406.314
1
166.031 381.888
1
392.759 209.538
0
285.603 201.025
0
28.7527 287.529
1
215.251 46.628
0
351.321 200.192
0
62.3536 107.176
1
351.87 269.079
0
573.105 145.58
0
354.8 100.421
0
549.557 396.297
0
522.823 168.408
0
347.989 84.4014
0
89.985 37.3223
0
526.467 455.622
0
341.36 221.583
0
611.009 65.8974
0
257.678 382.103
1
248.761 219.421
0
444.305 418.037
0
517.055 383.607
0
62.555 232.406
1
457.049 150.119
0
582.902 330.486
0
400.798 330.351
0
478.034 349.715
0
560.416 394.377
0
75.1714 319.743
1
447.967 241.887
0
86.0482 431.64
1
195.127 434.164
1
433.3 154.563
0
341.213 75.4448
0
292.066 399.278
1
558.163 112.869
0
565.836 326.511
0
481.458 243.364
0
114.668 419.595
1
115.749 276.451
1
155.209 339.724
1
583.744 301.669
0
350.662 102.691
0
287.122 389.395
1
409.99 135.871
0
448.516 333.641
0
314.699 394.229
1
102.913 165.924
1
392.192 253.932
0
507.606 188.483
0
354.269 242.692
0
238.928 376.088
1
319.698 285.045
0
345.333 94.8082
0
539.486 361.827
0
224.608 186.764
0
443.591 22.3231
0
594.731 449.351
0
327.938 447.888
1
226.696 277.888
1
300.416 225.773
0
408.397 340.449
0
404.552 412.062
1
207.799 293.41
1
139.645 362.095
1
104.799 86.711
0
96.3573 347.727
1
59.9915 307.47
1
325.942 359.49
1
589.329 310.598
0
562.485 112.909
0
113.423 145.459
1
516.506 217.568
0
150.265 186.992
1
558.841 287.542
0
219.902 80.1849
0
413.432 112.171
0
30.0711 146.815
1
378.019 105.806
0
411.455 262.848
0
291.096 115.192
0
171.286 235.602
1
164.218 283.514
1
133.987 209.189
1
98.3898 409.456
1
137.759 287.113
1
402.977 180.439
0
255.81 100.649
0
136.221 238.516
1
410.722 151.918
0
386.057 297.681
0
51.2754 380.344
1
309.718 431.559
1
459.814 421.018
0
51.2937 429.948
1
559.39 84.2268
0
355.624 263.17
0
189.213 124.35
0
397.447 72.9337
0
517.311 67.1999
0
444.635 88.2821
0
558.804 204.503
0
73.9995 205.725
1
469.062 124.176
0
358.792 71.9266
0
380.125 445.242
1
146.109 288.039
1
49.0597 126.136
1
243.725 294.122
1
87.568 415.083
1
234.277 152.63
0
440.753 331.305
0
536.135 29.6683
0
484.516 25.9218
0
429.381 192.619
0
610.094 431.183
0
465.967 163.077
0
64.2579 146.681
1
582.371 283.823
0
514.308 411.672
0
533.919 378.37
0
506.251 191.759
0
569.205 82.132
0
485.34 149.138
0
563.657 363.854
0
547.14 164.769
0
330.63 255.838
0
388.548 381.553
0
529.25 192.095
0
426.873 117.032
0
287.122 252.938
0
356.247 214.534
0
557.468 314.694
0
109.779 101.267
0
328.579 83.5554
0
96.3207 402.487
1
105.092 292.094
1
280.677 180.077
0
379.301 397.223
1
375.803 84.6431
0
511.415 218.481
0
115.969 49.5956
0
137.759 415.244
1
79.4562 176.21
1
125.325 441.644
1
229.699 38.1414
0
391.514 318.038
0
243.414 214.453
0
607.933 457.731
0
594.731 399.681
0
506.929 167.495
0
63.7452 99.7363
1
409.642 61.1573
0
38.6956 222.523
1
494.148 204.301
0
480.03 131.709
0
22.7284 109.485
1
315.303 352.87
1
446.85 320.294
0
333.962 220.294
0
408.562 263.184
0
350.204 213.446
0
357.162 25.7875
0
103.004 31.8571
0
599.949 300.501
0
462.213 397.062
0
305.452 231.963
0
608.903 70.3153
0
478.51 167.347
0
359.396 35.1738
0
425.206 248.144
0
301.259 173.135
0
327.041 82.0783
0
510.152 381.58
0
42.779 114.185
1
116.261 262.512
1
156.766 255.409
1
289.265 90.914
0
192.417 347.835
1
310.158 271.442
0
609.837 225.155
0
99.0857 232.286
1
505.958 427.02
0
67.8286 124.807
1
36.4617 446.209
1
265.534 117.878
0
77.68 407.241
1
486.549 215.473
0
347.531 415.257
1
309.224 226.498
0
504.237 393.866
0
134.316 175.377
1
41.6071 370.716
1
391.606 342.249
0
299.391 69.5364
0
583.762 341.631
0
207.652 407.523
1
135.983 388.039
1
483.967 36.4763
0
320.43 197.601
0
102.052 86.993
0
223.674 434.218
1
350.589 133.83
0
426.616 389.032
0
301.13 301.709
1
165.042 322.16
1
203.624 450.023
1
439.837 395.115
0
228.472 355.274
1
45.6172 222.913
1
273.92 190.041
0
586.454 214.574
0
257.239 377.202
1
247.277 370.676
1
608.775 117.931
0
190.238 346.787
1
587.479 272.785
0
344.125 411.511
1
136.623 213.956
1
56.0179 67.8579
1
498.579 47.9305
0
173.813 126.834
0
307.1 27.0766
0
428.283 161.721
0
376.481 188.98
0
83.5212 212.103
1
105.604 402.232
1
524.654 426.228
0
516.139 337.535
0
351.065 30.3665
0
443.389 422.683
0
244.604 314.251
1
298.768 220.348
0
380.949 260.847
0
522.292 127.358
0
453.058 69.7513
0
144.259 194.163
1
75.5559 322.536
1
574.588 203.267
0
38.8421 158.928
1
238.488 85.5159
0
381.223 252.804
0
177.787 412.733
1
548.495 316.265
0
235.668 285.636
1
609.215 441.026
0
544.65 275.779
0
394.627 405.603
1
535.677 260.216
0
331.93 97.0641
0
587.791 247.54
0
239.678 456.28
1
336.416 194.351
0
454.028 175.028
0
559.72 310.504
0
354.507 314.251
0
261.176 52.2813
0
458.386 191.706
0
67.5723 381.915
1
151.858 228.096
1
560.928 452.346
0
227.318 380.264
1
63.0311 336.085
1
495.118 170.18
0
291.718 76.6802
0
438.628 378.773
0
407.097 81.756
0
381.718 92.7268
0
466.974 176.223
0
336.672 173.846
0
209.941 134.488
0
601.982 238.906
0
384.885 330.459
0
78.449 219.274
1
345.828 43.9021
0
572.446 188.926
0
330.703 422.267
1
454.797 289.476
0
342.88 396.122
1
344.656 161.143
0
454.138 27.7749
0
586.362 148.252
0
447.931 31.0245
0
588.688 168.166
0
21.6114 61.2647
1
194.743 272.275
1
466.406 354.683
0
551.7 107.887
0
43.7495 74.9345
1
448.608 429.72
0
177.128 26.6201
0
591.599 349.661
0
277.582 453.742
1
384.721 73.8334
0
122.194 262.244
1
285.584 175.337
0
203.935 265.305
1
304.152 111.62
0
371.775 70.087
0
513.814 235.374
0
379.813 444.719
1
143.234 327.303
1
264.014 344.249
1
517.879 219.945
0
565.689 434.393
0
619.762 380.989
0
319.826 91.6526
0
134.463 104.987
0
27.8555 158.874
1
553.988 422.24
0
332.772 194.499
0
604.014 133.374
0
615.88 294.78
0
564.847 438.73
0
233.855 187.449
0
354.159 410.934
1
614.726 395.518
0
540.914 99.7229
0
131.441 370.152
1
158.469 117.555
0
372.269 151.206
0
486.585 414.801
0
126.04 454.427
1
269.983 293.343
1
501.655 263.533
0
543.185 167.307
0
500.154 26.7006
0
329.732 79.621
0
458.478 295.505
0
184.928 323.113
1
483.161 385.38
0
250.482 55.1146
0
493.305 96.4061
0
190.22 134.045
0
391.111 273.067
0
275.22 346.975
1
378.934 401.601
1
187.528 336.609
1
541.61 24.015
0
210.765 116.884
0
312.721 407.295
1
176.67 245.472
1
543.643 46.44
0
236.364 182.199
0
393.968 240.517
0
24.7609 182.145
1
162.387 239.872
1
287.324 411.994
1
476.258 403.884
0
537.435 438.569
0
559.152 347.459
0
413.561 258.175
0
394.773 395.424
1
104.762 295.626
1
506.123 363.344
0
313.216 221.543
0
568.674 23.5047
0
122.579 176.841
1
176.23 115.031
0
441.229 292.967
0
578.379 336.595
0
588.395 336.904
0
508.028 220.684
0
492.939 209.364
0
518.025 208.128
0
272.51 45.2718
0
545.51 21.4905
0
62.7015 204.906
1
322.683 456.388
1
264.234 344.813
1
552.945 409.027
0
277.472 57.008
0
70.7767 99.2798
1
92.7866 265.332
1
104.725 107.525
1
405.394 387.542
0
61.438 144.264
1
223.601 132.192
0
150.284 371.334
1
239.33 58.7805
0
66.7849 393.141
1
129.226 89.9472
0
53.8023 57.1422
1
455.621 224.658
0
159.293 261.868
1
335.574 440.892
1
409.166 431.452
1
347.458 76.7071
0
114.174 95.4662
0
42.8889 278.586
1
229.699 352.749
1
133.694 125.277
0
386.698 337.858
0
521.962 136.637
0
513.173 309.054
0
42.3029 255.557
1
464.502 316.641
0
485.084 292.135
0
381.498 350.091
0
368.991 38.6651
0
595.005 163.037
0
232.244 444.289
1
195.622 274.732
1
110.786 417.822
1
287.635 146.654
0
172.275 328.015
1
245.391 313.284
1
174.747 169.321
0
191.374 65.3468
0
318.746 382.56
1
414.385 104.866
0
361.356 338.73
0
146.859 450.117
1
161.252 275.081
1
219.719 369.776
1
323.287 371.952
1
613.902 304.824
0
111.427 119.221
1
426.946 236.757
0
298.896 21.2488
0
273.755 181.205
0
324.019 428.739
1
239.88 345.431
1
420.867 426.51
1
606.486 28.5806
0
493.049 366.03
0
265.405 283.541
1
399.791 411.108
1
43.2917 178.761
1
22.7833 445.82
1
453.406 39.3902
0
182.731 313.204
1
493.891 185.878
0
374.045 453.689
1
211.461 189.181
0
386.9 151.717
0
448.828 361.209
0
585.026 59.6667
0
94.9107 379.257
1
108.113 47.4606
0
456.775 283.071
0
367.618 366.889
0
271.448 63.5475
0
504.585 259.249
0
577.024 441.59
0
578.415 235.105
0
561.185 175.887
0
355.276 394.954
1
606.633 418.614
0
464.74 139.336
0
251.288 457.355
1
393.693 437.615
1
82.8986 202.529
1
85.8834 363.452
1
86.0298 358.591
1
216.368 66.5419
0
460.767 238.086
0
109.065 128.714
1
431.524 437.172
1
366.538 233.44
0
464.942 211.284
0
180.607 297.479
1
415.483 289.959
0
592.625 393.41
0
217.43 89.1818
0
71.9852 411.686
1
442.272 60.4187
0
281.922 191.115
0
339.858 334.742
0
600.975 186.482
0
282.563 240.987
0
469.19 321.892
0
230.706 416.694
1
127.651 178.855
1
538.314 210.398
0
220.159 367.749
1
317.794 454.36
1
425.609 311.203
0
282.471 346.035
1
590.244 208.585
0
485.505 277.512
0
327.938 209.901
0
473.987 231.265
0
558.017 168.166
0
77.2039 301.212
1
548.404 38.8934
0
547.525 437.79
0
533.901 335.333
0
72.6078 255.664
1
477.466 68.3816
0
178.3 403.011
1
243.725 379.982
1
239.99 171.013
0
153.433 298.312
1
222.063 322.321
1
587.333 304.207
0
263.684 97.2521
0
208.531 136.946
0
429.821 456.509
1
472.083 368.46
0
46.3131 319.045
1
390.031 334.621
0
537.673 54.0403
0
21.5931 192.511
1
386.222 305.536
0
256.268 132.152
0
531.74 288.482
0
559.28 111.661
0
429.748 355.234
0
247.79 184.548
0
87.9159 210.747
1
166.837 387.783
1
298.603 215.823
0
133.456 259.558
1
186.832 236.529
1
418.029 35.3752
0
492.225 399.077
0
231.493 71.2687
0
303.566 408.584
1
287.122 102.785
0
465.051 30.5814
0
605.644 168.717
0
172.55 34.0861
0
32.5431 408.141
1
579.001 34.7172
0
36.187 239.456
1
127.431 457.032
1
55.4869 290.537
1
230.651 214.386
0
166.104 108.169
0
615.917 405.482
0
133.511 296.15
1
553.75 345.914
0
422.149 350.265
0
289.503 193.962
0
229.04 399.265
1
296.37 448.895
1
510.884 320.428
0
468.512 260.834
0
473.09 38.41
0
473.438 230.983
0
289.869 196.312
0
381.809 200.595
0
323.763 407.469
1
393.968 347.862
0
613.701 437.011
0
581.638 51.207
0
499.934 201.669
0
63.4339 197.909
1
355.093 416.735
1
133.511 316.507
1
489.716 218.817
0
561.148 172.195
0
401.036 193.371
0
181.083 283.474
1
34.1545 95.3319
1
592.515 439.24
0
223.803 132.112
0
85.9017 354.643
1
385.856 377.309
0
616.429 224.887
0
227.117 144.009
0
542.343 35.3752
0
542.416 246.613
0
147.665 227.156
1
267.218 299.574
1
467.377 376.289
0
455.182 142.062
0
234.167 246.049
1
348.904 177.364
0
265.479 310.518
1
412.792 35.4289
0
309.389 388.441
1
496.766 27.654
0
68.4146 86.1068
1
199.687 402.554
1
219.646 127.895
0
401.091 230.902
0
150.155 353.354
1
429.876 169.428
0
226.458 59.4922
0
39.0985 371.441
1
516.652 427.128
0
55.3221 433.372
1
183.939 189.745
1
71.0514 126.015
1
270.661 124.202
0
249.731 319.004
1
291.041 41.3239
0
211.205 207.443
0
351.761 335.696
0
267.017 369.441
1
419.017 133.038
0
373.99 283.138
0
50.9091 134.26
1
274.946 272.288
0
413.652 434.554
1
395.176 28.7149
0
500.593 96.5673
0
363.699 160.834
0
172.696 196.312
1
127.779 236.65
1
139.388 400.567
1
529.525 210.116
0
98.1518 34.3815
0
513.393 459.772
0
152.06 297.842
1
433.282 287.959
0
123.659 110.237
0
228.051 229.922
1
84.217 280.989
1
134.023 101.106
0
316.805 125.653
0
503.486 331.573
0
432.256 345.955
0
597.66 276.343
0
56.4574 252.562
1
123.128 170.328
1
208.11 69.3216
0
380.436 416.573
1
585.191 357.825
0
393.309 36.6106
0
279.267 60.7276
0
487.684 291.853
0
136.477 163.144
1
289.155 344.223
1
483.436 390.174
0
607.274 205.564
0
237.243 339.912
1
375.931 43.8752
0
118.404 390.348
1
518.263 95.5065
0
384.995 138.987
0
504.933 371.925
0
607.091 274.02
0
74.4939 449.915
1
300.306 355.61
1
284.669 293.8
1
137.045 166.326
1
163.193 198.608
1
154.092 189.181
1
527.016 362.753
0
75.6108 72.1818
0
438.574 379.109
0
570.047 318.172
0
268.115 33.3073
0
359.634 338.569
0
430.352 377.685
0
601.799 309.914
0
164.694 309.994
1
60.2295 411.887
1
427.459 385.447
0
285.456 45.4732
0
265.021 290.819
1
122.78 290.309
1
336.526 389.475
1
566.898 319.501
0
555.032 365.949
0
481.678 271.16
0
115.566 98.8903
0
603.996 415.029
0
79.4012 191.236
1
550.18 313.177
0
582.535 245.982
0
244.091 133.36
0
37.7435 236.878
1
85.3157 333.937
1
398.857 422.227
1
476.368 118.912
0
55.5419 310.948
1
427.66 122.134
0
28.1301 49.4345
1
58.966 39.0143
0
230.376 338.032
1
116.152 184.978
1
69.678 285.877
1
321.675 338.838
1
552.945 312.814
0
478.107 450.506
0
567.118 267.293
0
142.941 91.1155
0
103.132 308.665
1
193.791 344.921
1
91.9443 443.054
1
302.43 181.124
0
221.276 101.2
0
436.559 244.975
0
602.22 247.231
0
408.269 386.414
0
254.016 166.971
0
187.437 345.27
1
76.032 224.699
1
399.424 31.6959
0
275.55 96.9433
0
325.173 20.5908
0
520.186 252.199
0
23.058 458.738
1
583.689 145.177
0
290.913 323.355
1
153.763 454.481
1
486.878 71.0941
0
370.932 192.364
0
528.188 375.792
0
366.739 415.351
1
486.366 434.07
0
370.603 84.4551
0
497.627 417.419
0
453.534 203.804
0
407.298 109.458
0
477.869 26.2575
0
66.9314 67.2939
1
521.596 135.079
0
302.98 425.49
1
145.907 150.011
1
75.6108 161.492
1
575.101 146.815
0
46.606 301.548
1
357.016 138.947
0
274.909 245.271
0
573.435 110.036
0
458.661 368.165
0
568.564 225.974
0
42.541 80.5341
1
264.801 195.372
0
609.123 101.724
0
234.258 47.1786
0
72.6627 328.176
1
594.914 414.076
0
294.941 294.404
0
100.148 190.497
1
240.649 205.335
0
90.4245 214.104
1
492.39 298.956
0
275.733 279.23
1
242.919 37.846
0
617.711 331.291
0
584.275 168.596
0
480.085 190.712
0
611.815 347.539
0
316.274 295.344
0
162.424 211.834
1
62.8297 449.848
1
505.446 114.521
0
107.454 391.02
1
604.948 162.271
0
200.438 37.7117
0
72.4796 374.651
1
378.074 154.147
0
428.594 163.547
0
467.139 415.231
0
192.124 391.745
1
438.812 442.825
1
616.118 49.0451
0
581.089 361.625
0
188.773 45.0301
0
158.066 283.366
1
118.569 436.904
1
125.454 108.115
0
121.993 71.4298
0
170.352 371.522
1
132.76 359.665
1
444.58 246.506
0
451.355 162.916
0
59.9915 28.5134
0
353.445 229.291
0
314.9 252.723
0
276.172 198.876
0
519.71 372.153
0
400.779 456.938
1
391.239 145.432
0
150.522 213.406
1
484.095 62.8895
0
422.625 127.747
0
227.758 439.697
1
472.907 417.715
0
38.4027 344.975
1
271.888 130.809
0
474.115 395.464
0
251.196 397.425
1
102.015 22.4842
0
258.887 183.904
0
46.5511 281.218
1
442.51 124.941
0
87.0553 170.503
1
478.693 313.392
0
273.975 172.597
0
467.926 146.775
0
131.991 101.079
0
513.393 189.007
0
419.072 125.935
0
502.443 65.9243
0
110.201 424.483
1
109.578 273.792
1
174.363 406.892
1
539.797 159.142
0
213.658 445.148
1
230.614 388.885
1
133.327 453.998
1
432.256 409.389
0
111.372 452.883
1
283.936 93.3311
0
236.492 97.3193
0
305.562 33.0387
0
283.167 108.881
0
523.446 439.012
0
392.558 392.013
0
148.636 142.398
0
128.09 406.905
1
26.8484 60.3784
1
274.378 106.88
0
378.568 302.864
0
48.1442 409.255
1
448.077 119.435
0
90.2048 188.08
1
380.344 425.409
1
306.843 197.99
0
544.412 65.4408
0
529.708 357.57
0
421.782 73.8334
0
262.75 360.954
1
79.0716 49.8508
0
85.0227 166.796
1
343.283 27.1975
0
378.147 212.855
0
498.469 316.131
0
546.957 105.296
0
422.771 377.081
0
402.556 31.3871
0
584.44 204.543
0
275.953 124.229
0
215.434 439.952
1
331.435 268.367
0
281.757 292.135
1
448.297 415.043
0
168.704 44.5198
0
539.669 375.738
0
100.404 187.409
1
277.143 42.9487
0
611.943 434.151
0
490.193 326.712
0
292.89 340.302
1
408.653 35.6841
0
521.376 384.037
0
217.613 431.868
1
406.657 386.937
0
93.0247 366.997
1
259.949 293.692
1
386.845 330.23
0
411.345 189.544
0
130.672 75.1897
0
492.17 174.249
0
326.51 235.401
0
401.219 51.2473
0
193.241 76.8682
0
273.847 330.808
1
37.7984 36.5703
0
72.4247 105.927
1
119.759 315.419
1
317.079 339.751
1
177.878 214.708
1
375.437 203.079
0
387.687 44.6138
0
30.0345 281.097
1
618.535 173.578
0
142.318 287.609
1
559.042 367.252
0
331.765 265.896
0
579.752 145.875
0
289.082 394.753
1
501.472 228.7
0
242.077 458.509
1
338.357 74.3168
0
593.064 259.827
0
184.342 385.554
1
446.411 273.966
0
311.604 307.738
0
445.22 303.2
0
449.926 389.126
0
35.6011 270.341
1
515.7 152.133
0
577.555 29.9637
0
559.299 24.1493
0
220.855 136.073
0
399.461 436.85
1
365.311 444.987
1
313.637 362.351
1
23.4059 252.293
1
252.899 415.566
1
304.536 362.525
1
150.21 30.9171
0
139.535 230.204
1
590.812 442.503
0
64.1847 251.259
1
413.469 336.3
0
580.338 143.378
0
111.317 303.401
1
513.649 414.062
0
401.146 322.644
0
486.53 55.1683
0
29.5767 241.726
1
124.996 102.811
0
185.404 245.432
1
118.367 41.0016
0
386.295 279.66
0
150.375 208.289
1
408.91 260.109
0
220.47 265.708
1
331.252 34.2875
0
574.295 285.004
0
55.7982 45.6478
0
561.624 235.911
0
582.114 348.614
0
41.0211 31.0245
0
598.008 243.135
0
49.6457 307.335
1
257.751 137.698
0
356.943 382.842
1
316.146 429.37
1
221.276 167.199
0
87.0736 329.747
1
567.832 265.184
0
395.726 225.464
0
106.923 451.5
1
592.497 382.184
0
411.235 435.91
1
598.191 20.4566
0
470.636 457.368
0
48.4921 132.77
1
543.826 345.794
0
107.033 429.867
1
24.7975 310.437
1
615.386 385.702
0
143.728 333.413
1
548.935 49.3002
0
420.134 107.202
0
447.638 32.6493
0
287.91 354.978
1
389.72 303.065
0
210.381 432.311
1
577.775 268.958
0
504.439 89.1684
0
505.611 227.747
0
592.295 290.926
0
174.729 64.5949
0
499.879 417.003
0
529.214 110.788
0
120.345 376.101
1
577.573 50.3879
0
461.664 116.615
0
370.658 344.129
0
596.745 231.077
0
104.03 299.023
1
535.366 93.2102
0
313.71 332.741
1
136.037 306.664
1
34.1179 361.182
1
77.094 183.797
1
286.793 98.2727
0
405.229 113.554
0
168.741 236.596
1
280.842 417.084
1
109.157 177.606
1
438.39 389.717
0
163.266 80.2118
0
580.796 128.325
0
111.94 256.496
1
426.635 42.6399
0
36.0772 403.226
1
228.692 209.189
0
334.237 58.0688
0
482.923 186.818
0
452.325 129.144
0
246.16 132.488
0
94.2515 286.576
1
381.882 315.956
0
382.249 425.02
1
352.109 312.196
0
335.336 105.792
0
274.762 250.4
0
535.091 227.344
0
464.978 118.133
0
347.128 392.792
1
579.093 379.485
0
567.411 183.34
0
180.167 345.928
1
261.615 446.411
1
443.701 198.769
0
266.87 46.9234
0
422.35 21.7322
0
324.221 30.9037
0
188.426 422.549
1
510.719 89.8263
0
72.7909 302.246
1
539.926 154.55
0
519.069 311.055
0
399.443 367.722
0
171.744 69.3753
0
94.3431 383.178
1
317.171 332.889
1
165.317 41.2702
0
95.7714 380.21
1
149.862 168.824
1
204.869 42.2773
0
256.048 272.301
1
110.054 171.765
1
416.673 233.306
0
484.736 411.538
0
193.333 134.77
0
95.7714 380.908
1
298.823 46.816
0
54.6629 58.2971
1
206.462 60.9827
0
452.472 199.172
0
415.483 201.535
0
497.645 327.934
0
240.887 62.6209
0
375.309 422.589
1
296.846 440.153
1
346.652 310.854
0
541.903 206.826
0
107.509 256.537
1
55.3404 379.539
1
524.508 274.866
0
213.072 267.36
1
567.722 335.588
0
31.7191 289.342
1
558.658 312.519
0
350.058 310.612
0
352.163 78.3453
0
216.094 165.507
0
571.054 363.452
0
348.977 456.764
1
312.227 377.35
1
44.0425 178.962
1
43.0354 291.745
1
590.171 255.825
0
106.648 183.77
1
367.765 299.131
0
555.142 458.227
0
96.6503 318.816
1
528.957 187.436
0
402.08 412.558
1
501.875 147.836
0
567.887 43.7275
0
209.666 391.53
1
445.605 56.5111
0
381.681 452.01
1
588.157 236.771
0
493.818 382.52
0
176.816 407.63
1
61.731 165.95
1
410.374 68.3279
0
493.177 94.9559
0
325.136 165.333
0
617.784 101.039
0
514.528 244.116
0
313.637 191.37
0
517.037 290.671
0
548.916 412.142
0
541.317 71.3089
0
457.544 297.049
0
497.096 439.697
0
167.569 179.916
1
400.761 299.561
0
401.072 369.897
0
524.196 292.188
0
364.23 128.244
0
555.82 297.143
0
546.518 365.332
0
342.459 55.1952
0
547.36 116.535
0
280.878 122.027
0
349.655 396.069
1
327.517 141.646
0
558.163 207.041
0
495.503 448.009
0
422.13 66.9985
0
607.457 23.921
0
560.507 27.2243
0
372.873 345.726
0
208.751 64.9977
0
558.969 222.496
0
105.733 387.139
1
323.488 398.835
1
239.843 283.836
1
478.492 389.475
0
572.538 111.647
0
553.695 155.033
0
558.621 203.925
0
28.2034 87.1944
1
181.669 407.966
1
599.363 32.2465
0
123.458 207.242
1
57.2631 61.869
1
186.027 47.7963
0
434.325 199.628
0
185.349 307.147
1
597.715 52.147
0
35.2348 284.857
1
154.165 393.692
1
240.136 253.22
1
435.699 172.691
0
115.712 147.057
1
34.6672 229.372
1
355.936 131.104
0
57.5561 152.777
1
65.3383 143.995
1
365.494 446.236
1
275.385 137.375
0
170.92 389.932
1
463.422 309.175
0
458.697 249.393
0
93.1346 409.362
1
600.718 418.48
0
95.4601 57.4108
0
432.384 425.758
0
108.076 29.9503
0
160.318 73.1083
0
193.058 297.224
1
369.284 355.032
0
450.714 47.5277
0
497.737 267.602
0
48.7301 318.038
1
450.366 355.865
0
485.468 390.764
0
116.518 308.249
1
205.711 452.668
1
263.336 126.875
0
388.145 358.416
0
172.019 102.529
0
22.8565 394.605
1
286.408 322.858
1
98.1152 44.2512
0
442.382 222.778
0
414.513 210.317
0
146.731 225.759
1
445.843 56.8468
0
474.665 264.621
0
365.219 86.711
0
254.053 310.827
1
455.017 414.479
0
505.958 340.704
0
419.713 133.36
0
209.319 27.6943
0
420.079 374.866
0
359.451 429.196
1
547.708 239.872
0
588.267 36.53
0
558.456 80.0909
0
515.59 217.447
0
183.683 428.31
1
299.977 99.0246
0
37.9449 56.4843
1
557.999 320.562
0
441.87 380.425
0
320.504 104.544
0
579.111 329.384
0
394.81 34.9455
0
105.916 340.06
1
601.506 271.241
0
232.445 32.9716
0
54.5531 427.02
1
393.913 310.531
0
353.72 82.0917
0
130.984 155.208
1
457.434 436.648
0
498.03 186.872
0
505.72 356.093
0
217.412 177.606
0
361.191 75.8477
0
99.5618 383.272
1
537.344 94.2039
0
146.53 50.0656
0
282.453 162.392
0
458.679 315.339
0
488.416 420.588
0
562.558 20.8057
0
192.655 348.345
1
479.224 457.556
0
342.294 218.589
0
551.48 81.0712
0
589.164 283.635
0
348.684 55.4503
0
384.409 181.93
0
268.39 345.109
1
341.433 394.726
1
152.884 173.135
1
135.964 320.737
1
339.895 164.903
0
312.026 78.1841
0
65.9609 195.519
1
62.4451 162.607
1
441.357 380.143
0
152.756 349.258
1
315.138 105.685
0
57.2448 328.82
1
49.2978 342.907
1
275.77 385.447
1
320.558 177.244
0
100.276 205.308
1
168.723 277.659
1
599.62 285.139
0
610.204 281.688
0
91.5049 68.7979
0
35.4912 175.981
1
270.368 361.209
1
309.608 130.675
0
59.6435 187.946
1
193.644 66.5017
0
157.7 49.5822
0
406.877 453.474
1
145.614 419.353
1
547.708 339.684
0
325.997 392.846
1
192.344 269.199
1
